Decimated X1	Decimated Y1
	Dezimation von "Ampl"
1.439998829E-5	0.0066366211
1.449998829E-5	0.0064045898
1.459998829E-5	0.0062819824
1.469998829E-5	0.0063584473
1.479998829E-5	0.0062068359
1.489998829E-5	0.0061303711
1.499998829E-5	0.0057467285
1.509998829E-5	0.0054158203
1.519998829E-5	0.0049148437
1.529998829E-5	0.004321582
1.539998829E-5	0.0039498047
1.549998829E-5	0.0035490234
1.559998829E-5	0.0028489746
1.569998829E-5	0.0022253906
1.579998829E-5	0.0014541504
1.589998829E-5	8.4506836E-4
1.599998829E-5	1.4238281E-4
1.609998829E-5	-4.9833984E-4
1.619998829E-5	-0.0016255371
1.629998829E-5	-0.0023361328
1.639998829E-5	-0.0029755371
1.649998829E-5	-0.0037111816
1.659998829E-5	-0.0039353027
1.669998829E-5	-0.0041831543
1.679998829E-5	-0.0044520996
1.689998829E-5	-0.0044890137
1.699998829E-5	-0.0046946777
1.709998829E-5	-0.0046894043
1.719998829E-5	-0.004659082
1.729998829E-5	-0.0042583008
1.739998829E-5	-0.0044929688
1.749998829E-5	-0.0041976562
1.759998829E-5	-0.0038575195
1.769998829E-5	-0.0036782227
1.779998829E-5	-0.0032167969
1.789998829E-5	-0.0029649902
1.799998829E-5	-0.002226709
1.809998829E-5	-0.0021726563
1.819998829E-5	-0.0015873047
1.829998829E-5	-0.0010480957
1.839998829E-5	-8.6748047E-4
1.849998829E-5	-3.0585938E-4
1.859998829E-5	1.9379883E-4
1.869998829E-5	7.1455078E-4
1.879998829E-5	0.0013038574
1.889998829E-5	0.0021489258
1.899998829E-5	0.002685498
1.909998829E-5	0.003375
1.919998829E-5	0.0035279297
1.929998829E-5	0.0038258789
1.939998829E-5	0.0038179688
1.949998829E-5	0.0041211914
1.959998829E-5	0.0041923828
1.969998829E-5	0.0043268555
1.979998829E-5	0.0042991699
1.989998829E-5	0.0041211914
1.999998829E-5	0.0039827637
2.009998829E-5	0.0038548828
2.019998829E-5	0.0035477051
2.029998829E-5	0.00354375
2.039998829E-5	0.0031126465
2.049998829E-5	0.0026723145
2.059998829E-5	0.002292627
2.069998829E-5	0.0020988281
2.079998829E-5	0.0014277832
2.089998829E-5	0.0010942383
2.099998829E-5	6.3544922E-4
2.109998829E-5	-3.0322266E-5
2.119998829E-5	-3.4672852E-4
2.129998829E-5	-9.8876953E-4
2.139998829E-5	-0.0015134766
2.149998829E-5	-0.0017547363
2.159998829E-5	-0.002212207
2.169998829E-5	-0.0023374512
2.179998829E-5	-0.002667041
2.189998829E-5	-0.0027593262
2.199998829E-5	-0.0030216797
2.209998829E-5	-0.0031020996
2.219998829E-5	-0.0031812012
2.229998829E-5	-0.0029702637
2.239998829E-5	-0.0029913574
2.249998829E-5	-0.0029939941
2.259998829E-5	-0.002685498
2.269998829E-5	-0.0026683594
2.279998829E-5	-0.002347998
2.289998829E-5	-0.0021120117
2.299998829E-5	-0.0018364746
2.309998829E-5	-0.0015292969
2.319998829E-5	-0.0012432129
2.329998829E-5	-9.9536133E-4
2.339998829E-5	-6.5126953E-4
2.349998829E-5	-2.465332E-4
2.359998829E-5	2.7685547E-4
2.369998829E-5	5.5766602E-4
2.379998829E-5	7.4619141E-4
2.389998829E-5	0.001115332
2.399998829E-5	0.0014027344
2.409998829E-5	0.0018364746
2.419998829E-5	0.0021818848
2.429998829E-5	0.0025562988
2.439998829E-5	0.0024824707
2.449998829E-5	0.0028634766
2.459998829E-5	0.0031574707
2.469998829E-5	0.0028964355
2.479998829E-5	0.0030414551
2.489998829E-5	0.0028423828
2.499998829E-5	0.002769873
2.509998829E-5	0.0028318359
2.519998829E-5	0.0026037598
2.529998829E-5	0.0022478027
2.539998829E-5	0.0023875488
2.549998829E-5	0.0021317871
2.559998829E-5	0.0015780762
2.569998829E-5	0.0014581055
2.579998829E-5	0.0012643066
2.589998829E-5	9.5053711E-4
2.599998829E-5	6.3017578E-4
2.609998829E-5	2.9267578E-4
2.619998829E-5	-3.1245117E-4
2.629998829E-5	-3.9023438E-4
2.639998829E-5	-7.3828125E-4
2.649998829E-5	-0.0012102539
2.659998829E-5	-0.0014607422
2.669998829E-5	-0.0016875
2.679998829E-5	-0.0017547363
2.689998829E-5	-0.0020342285
2.699998829E-5	-0.0018826172
2.709998829E-5	-0.0019749023
2.719998829E-5	-0.0018681152
2.729998829E-5	-0.0019946777
2.739998829E-5	-0.002076416
2.749998829E-5	-0.0018021973
2.759998829E-5	-0.0017929688
2.769998829E-5	-0.0018918457
2.779998829E-5	-0.0016505859
2.789998829E-5	-0.0012155273
2.799998829E-5	-0.0012445312
2.809998829E-5	-9.1098633E-4
2.819998829E-5	-5.6293945E-4
2.829998829E-5	-4.2451172E-4
2.839998829E-5	-4.3110352E-4
2.849998829E-5	9.2285156E-6
2.859998829E-5	2.7158203E-4
2.869998829E-5	4.574707E-4
2.879998829E-5	5.5766602E-4
2.889998829E-5	7.5541992E-4
2.899998829E-5	0.0010111816
2.909998829E-5	0.0011891602
2.919998829E-5	0.0013763672
2.929998829E-5	0.001551709
2.939998829E-5	0.0020605957
2.949998829E-5	0.0020698242
2.959998829E-5	0.0022372559
2.969998829E-5	0.0020474121
2.979998829E-5	0.0020460938
2.989998829E-5	0.0022398926
2.999998829E-5	0.0020408203
3.009998829E-5	0.0018905273
3.019998829E-5	0.0019195313
3.029998829E-5	0.0017099121
3.039998829E-5	0.0016149902
3.049998829E-5	0.0013790039
3.059998829E-5	0.001195752
3.069998829E-5	0.0011852051
3.079998829E-5	0.0010322754
3.089998829E-5	4.6669922E-4
3.099998829E-5	4.1264648E-4
3.109998829E-5	1.5029297E-4
3.119998829E-5	-1.7006836E-4
3.129998829E-5	-5.1416016E-4
3.139998829E-5	-5.3525391E-4
3.149998829E-5	-7.0004883E-4
3.159998829E-5	-8.8330078E-4
3.169998829E-5	-0.0011548828
3.179998829E-5	-0.001368457
3.189998829E-5	-0.0013012207
3.199998829E-5	-0.0016334473
3.209998829E-5	-0.0013262695
3.219998829E-5	-0.0014317383
3.229998829E-5	-0.0015029297
3.239998829E-5	-0.0014567871
3.249998829E-5	-0.0013948242
3.259998829E-5	-0.0012405762
3.269998829E-5	-0.0012682617
3.279998829E-5	-0.0010428223
3.289998829E-5	-0.0010520508
3.299998829E-5	-7.3037109E-4
3.309998829E-5	-8.1606445E-4
3.319998829E-5	-4.9438477E-4
3.329998829E-5	-2.2280273E-4
3.339998829E-5	-1.6611328E-4
3.349998829E-5	3.9550781E-6
3.359998829E-5	2.6894531E-4
3.369998829E-5	5.6689453E-4
3.379998829E-5	4.9833984E-4
3.389998829E-5	6.1831055E-4
3.399998829E-5	8.4638672E-4
3.409998829E-5	0.0012708984
3.419998829E-5	0.0010929199
3.429998829E-5	0.0012880371
3.439998829E-5	0.0016334473
3.449998829E-5	0.0014752441
3.459998829E-5	0.0015121582
3.469998829E-5	0.0016980469
3.479998829E-5	0.0015477539
3.489998829E-5	0.0016848633
3.499998829E-5	0.0015385254
3.509998829E-5	0.0016584961
3.519998829E-5	0.0014317383
3.529998829E-5	0.0010019531
3.539998829E-5	0.0011944336
3.549998829E-5	0.0010415039
3.559998829E-5	8.9384766E-4
3.569998829E-5	7.3037109E-4
3.579998829E-5	5.7744141E-4
3.589998829E-5	2.0302734E-4
3.599998829E-5	1.8325195E-4
3.609998829E-5	-3.2827148E-4
3.619998829E-5	-7.1191406E-5
3.629998829E-5	-5.128418E-4
3.639998829E-5	-2.9663086E-4
3.649998829E-5	-5.7612305E-4
3.659998829E-5	-0.0010942383
3.669998829E-5	-0.00118125
3.679998829E-5	-0.0010731445
3.689998829E-5	-0.0011047852
3.699998829E-5	-0.0010718262
3.709998829E-5	-0.001063916
3.719998829E-5	-0.0010691895
3.729998829E-5	-0.0011166504
3.739998829E-5	-0.0011575195
3.749998829E-5	-9.7426758E-4
3.759998829E-5	-9.4790039E-4
3.769998829E-5	-9.637207E-4
3.779998829E-5	-6.8291016E-4
3.789998829E-5	-7.0004883E-4
3.799998829E-5	-5.8535156E-4
3.809998829E-5	-5.6821289E-4
3.819998829E-5	-2.53125E-4
3.829998829E-5	-7.6464844E-5
3.839998829E-5	1.0019531E-4
3.849998829E-5	2.4389648E-4
3.859998829E-5	2.4916992E-4
3.869998829E-5	4.3901367E-4
3.879998829E-5	4.2319336E-4
3.889998829E-5	8.2001953E-4
3.899998829E-5	7.1323242E-4
3.909998829E-5	9.9008789E-4
3.919998829E-5	0.001027002
3.929998829E-5	9.9140625E-4
3.939998829E-5	0.001368457
3.949998829E-5	0.001214209
3.959998829E-5	0.0015477539
3.969998829E-5	0.0013381348
3.979998829E-5	0.0013882324
3.989998829E-5	0.00135
3.999998829E-5	0.0011034668
4.009998829E-5	0.0012208008
4.019998829E-5	8.8066406E-4
4.029998829E-5	9.1494141E-4
4.039998829E-5	8.0683594E-4
4.049998829E-5	7.6333008E-4
4.059998829E-5	4.996582E-4
4.069998829E-5	5.2734375E-4
4.079998829E-5	1.1865234E-4
4.089998829E-5	3.0322266E-5
4.099998829E-5	-3.2958984E-5
4.109998829E-5	-5.4052734E-5
4.119998829E-5	-3.5727539E-4
4.129998829E-5	-6.2226562E-4
4.139998829E-5	-6.9477539E-4
4.149998829E-5	-6.1171875E-4
4.159998829E-5	-7.3300781E-4
4.169998829E-5	-8.5957031E-4
4.179998829E-5	-8.5561523E-4
4.189998829E-5	-0.001232666
4.199998829E-5	-9.3735352E-4
4.209998829E-5	-8.9648438E-4
4.219998829E-5	-9.1362305E-4
4.229998829E-5	-8.4902344E-4
4.239998829E-5	-8.9648438E-4
4.249998829E-5	-9.9667969E-4
4.259998829E-5	-5.1020508E-4
4.269998829E-5	-0.0018878906
4.279998829E-5	-0.0066695801
4.289998829E-5	-0.0092680664
4.299998829E-5	-0.011449951
4.309998829E-5	-0.013373437
4.319998829E-5	-0.014509863
4.329998829E-5	-0.014707617
4.339998829E-5	-0.013558008
4.349998829E-5	-0.011568604
4.359998829E-5	-0.0091744629
4.369998829E-5	-0.0061567383
4.379998829E-5	-0.0028489746
4.389998829E-5	1.2919922E-4
4.399998829E-5	0.0031390137
4.409998829E-5	0.0054791016
4.419998829E-5	0.0071600098
4.429998829E-5	0.0091533691
4.439998829E-5	0.0098178223
4.449998829E-5	0.0085376953
4.459998829E-5	0.0065140137
4.469998829E-5	0.0039682617
4.479998829E-5	8.8330078E-4
4.489998829E-5	-0.0033038086
4.499998829E-5	-0.0072839355
4.509998829E-5	-0.0093537598
4.519998829E-5	-0.011264062
4.529998829E-5	-0.012022119
4.539998829E-5	-0.012234375
4.549998829E-5	-0.011515869
4.559998829E-5	-0.010214648
4.569998829E-5	-0.0083438965
4.579998829E-5	-0.0059655762
4.589998829E-5	-0.0038074219
4.599998829E-5	-0.0012761719
4.609998829E-5	0.0011219238
4.619998829E-5	0.0034277344
4.629998829E-5	0.0059497559
4.639998829E-5	0.0081052734
4.649998829E-5	0.0082305176
4.659998829E-5	0.0076807617
4.669998829E-5	0.0064942383
4.679998829E-5	0.0049754883
4.689998829E-5	0.0027553711
4.699998829E-5	5.550293E-4
4.709998829E-5	-0.0016782715
4.719998829E-5	-0.0045364746
4.729998829E-5	-0.0061330078
4.739998829E-5	-0.007190332
4.749998829E-5	-0.0073353516
4.759998829E-5	-0.0075476074
4.769998829E-5	-0.0069978516
4.779998829E-5	-0.0060552246
4.789998829E-5	-0.0046722656
4.799998829E-5	-0.0033394043
4.809998829E-5	-0.001284082
4.819998829E-5	9.4921875E-5
4.829998829E-5	0.0019604004
4.839998829E-5	0.0038746582
4.849998829E-5	0.0052035645
4.859998829E-5	0.0058258301
4.869998829E-5	0.005873291
4.879998829E-5	0.0054408691
4.889998829E-5	0.0046103027
4.899998829E-5	0.0035411133
4.909998829E-5	0.0022557129
4.919998829E-5	0.0019959961
4.929998829E-5	-9.769043E-4
4.939998829E-5	0.007579248
4.949998829E-5	0.014803857
4.959998829E-5	0.019440527
4.969998829E-5	0.029305811
4.979998829E-5	0.031619531
4.989998829E-5	0.033016992
4.999998829E-5	0.031231934
5.009998829E-5	0.027852979
5.019998829E-5	0.024226172
5.029998829E-5	0.020015332
5.039998829E-5	0.014607422
5.049998829E-5	0.0074091797
5.059998829E-5	3.9287109E-4
5.069998829E-5	-0.0054619629
5.079998829E-5	-0.011115088
5.089998829E-5	-0.01654541
5.099998829E-5	-0.022281592
5.109998829E-5	-0.022423975
5.119998829E-5	-0.020458301
5.129998829E-5	-0.016629785
5.139998829E-5	-0.011442041
5.149998829E-5	-0.0052562988
5.159998829E-5	0.0017125488
5.169998829E-5	0.012196143
5.179998829E-5	0.018789258
5.189998829E-5	0.022659961
5.199998829E-5	0.02532041
5.209998829E-5	0.02617207
5.219998829E-5	0.025466748
5.229998829E-5	0.023226855
5.239998829E-5	0.019675195
5.249998829E-5	0.015076758
5.259998829E-5	0.010354395
5.269998829E-5	0.0040394531
5.279998829E-5	-0.0026090332
5.289998829E-5	-0.01011709
5.299998829E-5	-0.014984473
5.309998829E-5	-0.017440576
5.319998829E-5	-0.018045703
5.329998829E-5	-0.017793896
5.339998829E-5	-0.016367432
5.349998829E-5	-0.013300928
5.359998829E-5	-0.0096925781
5.369998829E-5	-0.0056583984
5.379998829E-5	-9.8349609E-4
5.389998829E-5	0.0049649414
5.399998829E-5	0.011000391
5.409998829E-5	0.014041846
5.419998829E-5	0.016206592
5.429998829E-5	0.016969922
5.439998829E-5	0.016673291
5.449998829E-5	0.015401074
5.459998829E-5	0.013144043
5.469998829E-5	0.010127637
5.479998829E-5	0.0069596191
5.489998829E-5	0.0027487793
5.499998829E-5	-0.0014699707
5.509998829E-5	-0.0059497559
5.519998829E-5	-0.0092944336
5.529998829E-5	-0.011419629
5.539998829E-5	-0.012168457
5.549998829E-5	-0.012202734
5.559998829E-5	-0.011090039
5.569998829E-5	-0.0095646973
5.579998829E-5	-0.0073749023
5.589998829E-5	-0.0082951172
5.599998829E-5	-0.010934473
5.609998829E-5	-0.011435449
5.619998829E-5	-0.009937793
5.629998829E-5	-0.010039307
5.639998829E-5	-0.012120996
5.649998829E-5	-0.012685254
5.659998829E-5	-0.011751855
5.669998829E-5	-0.010913379
5.679998829E-5	-0.011434131
5.689998829E-5	-0.012044531
5.699998829E-5	-0.011438086
5.709998829E-5	-0.01021333
5.719998829E-5	-0.0092931152
5.729998829E-5	-0.0093221191
5.739998829E-5	-0.0092232422
5.749998829E-5	-0.0078389648
5.759998829E-5	-0.0063479004
5.769998829E-5	-0.0049688965
5.779998829E-5	-0.0044217773
5.789998829E-5	-0.0037797363
5.799998829E-5	-0.0025668457
5.809998829E-5	-5.6821289E-4
5.819998829E-5	0.0011904785
5.829998829E-5	0.0022570312
5.839998829E-5	0.0033960938
5.849998829E-5	0.0049398926
5.859998829E-5	0.0062978027
5.869998829E-5	0.0074091797
5.879998829E-5	0.0075990234
5.889998829E-5	0.0081197754
5.899998829E-5	0.0091401855
5.909998829E-5	0.0095976563
5.919998829E-5	0.0093972656
5.929998829E-5	0.0093629883
5.939998829E-5	0.0093682617
5.949998829E-5	0.0095910645
5.959998829E-5	0.0093405762
5.969998829E-5	0.0087249023
5.979998829E-5	0.008250293
5.989998829E-5	0.0080261719
5.999998829E-5	0.0071310059
6.009998829E-5	0.0060960937
6.019998829E-5	0.0056373047
6.029998829E-5	0.0049438477
6.039998829E-5	0.0039537598
6.049998829E-5	0.0025787109
6.059998829E-5	0.0013144043
6.069998829E-5	3.0981445E-4
6.079998829E-5	-6.7763672E-4
6.089998829E-5	-0.0028674316
6.099998829E-5	-0.003984082
6.109998829E-5	-0.004589209
6.119998829E-5	-0.0050730469
6.129998829E-5	-0.0061725586
6.139998829E-5	-0.006698584
6.149998829E-5	-0.0070189453
6.159998829E-5	-0.0071455078
6.169998829E-5	-0.0076293457
6.179998829E-5	-0.0076174805
6.189998829E-5	-0.0075528809
6.199998829E-5	-0.007608252
6.209998829E-5	-0.007326123
6.219998829E-5	-0.0073037109
6.229998829E-5	-0.0067236328
6.239998829E-5	-0.0062687988
6.249998829E-5	-0.0059418457
6.259998829E-5	-0.0054751465
6.269998829E-5	-0.0046880859
6.279998829E-5	-0.0041699707
6.289998829E-5	-0.0031482422
6.299998829E-5	-0.0027777832
6.309998829E-5	-0.0019063477
6.319998829E-5	-0.0013289063
6.329998829E-5	-5.5107422E-4
6.339998829E-5	2.4916992E-4
6.349998829E-5	0.0014871094
6.359998829E-5	0.0021634277
6.369998829E-5	0.0035002441
6.379998829E-5	0.0044349609
6.389998829E-5	0.0050664551
6.399998829E-5	0.0053314453
6.409998829E-5	0.0058640625
6.419998829E-5	0.0058482422
6.429998829E-5	0.0063030762
6.439998829E-5	0.0062081543
6.449998829E-5	0.006210791
6.459998829E-5	0.006229248
6.469998829E-5	0.0063479004
6.479998829E-5	0.0061567383
6.489998829E-5	0.0058825195
6.499998829E-5	0.0056768555
6.509998829E-5	0.0052154297
6.519998829E-5	0.0048977051
6.529998829E-5	0.0043584961
6.539998829E-5	0.0036716309
6.549998829E-5	0.0032444824
6.559998829E-5	0.0028423828
6.569998829E-5	0.0020408203
6.579998829E-5	0.0013328613
6.589998829E-5	5.9458008E-4
6.599998829E-5	-3.0322266E-5
6.609998829E-5	-6.3676758E-4
6.619998829E-5	-0.0015029297
6.629998829E-5	-0.0024112793
6.639998829E-5	-0.0030638672
6.649998829E-5	-0.0035305664
6.659998829E-5	-0.0040486816
6.669998829E-5	-0.0042121582
6.679998829E-5	-0.0043888184
6.689998829E-5	-0.0045694336
6.699998829E-5	-0.0046617188
6.709998829E-5	-0.0047447754
6.719998829E-5	-0.0044230957
6.729998829E-5	-0.0042398438
6.739998829E-5	-0.004372998
6.749998829E-5	-0.0040948242
6.759998829E-5	-0.003862793
6.769998829E-5	-0.0035094727
6.779998829E-5	-0.0031930664
6.789998829E-5	-0.0027500977
6.799998829E-5	-0.0022939453
6.809998829E-5	-0.0020619141
6.819998829E-5	-0.001419873
6.829998829E-5	-0.0011219238
6.839998829E-5	-7.4750977E-4
6.849998829E-5	-1.8457031E-5
6.859998829E-5	5.4052734E-4
6.869998829E-5	9.6108398E-4
6.879998829E-5	0.0016940918
6.889998829E-5	0.0022412109
6.899998829E-5	0.0032141602
6.909998829E-5	0.0033736816
6.919998829E-5	0.0036399902
6.929998829E-5	0.0040130859
6.939998829E-5	0.0041330566
6.949998829E-5	0.0041739258
6.959998829E-5	0.004405957
6.969998829E-5	0.0043743164
6.979998829E-5	0.0043149902
6.989998829E-5	0.0042451172
6.999998829E-5	0.0041844727
7.009998829E-5	0.0038219238
7.019998829E-5	0.0036755859
7.029998829E-5	0.0030480469
7.039998829E-5	0.0030111328
7.049998829E-5	0.0027131836
7.059998829E-5	0.0022754883
7.069998829E-5	0.0016268555
7.079998829E-5	0.0012629883
7.089998829E-5	5.5239258E-4
7.099998829E-5	2.5708008E-4
7.109998829E-5	-2.3730469E-4
7.119998829E-5	-7.8178711E-4
7.129998829E-5	-0.001045459
7.139998829E-5	-0.0014950195
7.149998829E-5	-0.0021515625
7.159998829E-5	-0.0023704102
7.169998829E-5	-0.0025905762
7.179998829E-5	-0.0029478516
7.189998829E-5	-0.0030335449
7.199998829E-5	-0.003107373
7.209998829E-5	-0.0031139648
7.219998829E-5	-0.0031060547
7.229998829E-5	-0.0031693359
7.239998829E-5	-0.003070459
7.249998829E-5	-0.0028674316
7.259998829E-5	-0.0025180664
7.269998829E-5	-0.002479834
7.279998829E-5	-0.0022715332
7.289998829E-5	-0.0019379883
7.299998829E-5	-0.0016532227
7.309998829E-5	-0.0013420898
7.319998829E-5	-0.0012313477
7.329998829E-5	-5.5634766E-4
7.339998829E-5	-3.8100586E-4
7.349998829E-5	7.9101562E-6
7.359998829E-5	1.3842773E-4
7.369998829E-5	6.2885742E-4
7.379998829E-5	0.0010072266
7.389998829E-5	0.0012445312
7.399998829E-5	0.0017375977
7.409998829E-5	0.0021291504
7.419998829E-5	0.0021871582
7.429998829E-5	0.002549707
7.439998829E-5	0.0025523437
7.449998829E-5	0.002971582
7.459998829E-5	0.0030981445
7.469998829E-5	0.0030691406
7.479998829E-5	0.0033367676
7.489998829E-5	0.0028489746
7.499998829E-5	0.0027500977
7.509998829E-5	0.0028450195
7.519998829E-5	0.0025708008
7.529998829E-5	0.0024244629
7.539998829E-5	0.0020605957
7.549998829E-5	0.0018259277
7.559998829E-5	0.0016044434
7.569998829E-5	0.0015820313
7.579998829E-5	0.0011126953
7.589998829E-5	7.8706055E-4
7.599998829E-5	4.6274414E-4
7.609998829E-5	8.7011719E-5
7.619998829E-5	-5.9589844E-4
7.629998829E-5	-6.2358398E-4
7.639998829E-5	-9.6503906E-4
7.649998829E-5	-0.0014238281
7.659998829E-5	-0.0014409668
7.669998829E-5	-0.0017072754
7.679998829E-5	-0.0016703613
7.689998829E-5	-0.0022201172
7.699998829E-5	-0.0020184082
7.709998829E-5	-0.0021014648
7.719998829E-5	-0.0022794434
7.729998829E-5	-0.0021845215
7.739998829E-5	-0.0019458984
7.749998829E-5	-0.0019801758
7.759998829E-5	-0.0020025879
7.769998829E-5	-0.001837793
7.779998829E-5	-0.0017692383
7.789998829E-5	-0.0012155273
7.799998829E-5	-0.0011126953
7.809998829E-5	-0.0010810547
7.819998829E-5	-6.3149414E-4
7.829998829E-5	-4.4296875E-4
7.839998829E-5	-3.9023438E-4
7.849998829E-5	6.328125E-5
7.859998829E-5	4.4428711E-4
7.869998829E-5	6.262207E-4
7.879998829E-5	8.8066406E-4
7.889998829E-5	7.9892578E-4
7.899998829E-5	0.0013816406
7.909998829E-5	0.0012010254
7.919998829E-5	0.0014844727
7.929998829E-5	0.0018127441
7.939998829E-5	0.0016940918
7.949998829E-5	0.002175293
7.959998829E-5	0.0022794434
7.969998829E-5	0.0024310547
7.979998829E-5	0.0022557129
7.989998829E-5	0.0023717285
7.999998829E-5	0.0025655273
8.009998829E-5	0.0021541992
8.019998829E-5	0.0019195313
8.029998829E-5	0.0019063477
8.039998829E-5	0.0015424805
8.049998829E-5	0.0015543457
8.059998829E-5	0.0010889648
8.069998829E-5	9.28125E-4
8.079998829E-5	7.171875E-4
8.089998829E-5	5.8535156E-4
8.099998829E-5	3.019043E-4
8.109998829E-5	2.7949219E-4
8.119998829E-5	-2.6762695E-4
8.129998829E-5	-3.5595703E-4
8.139998829E-5	-8.2397461E-4
8.149998829E-5	-9.2285156E-4
8.159998829E-5	-0.0012115723
8.169998829E-5	-0.0014225098
8.179998829E-5	-0.0013447266
8.189998829E-5	-0.0014409668
8.199998829E-5	-0.0015609375
8.209998829E-5	-0.0017982422
8.219998829E-5	-0.00151875
8.229998829E-5	-0.0014093262
8.239998829E-5	-0.0013763672
8.249998829E-5	-0.0014185547
8.259998829E-5	-9.4921875E-4
8.269998829E-5	-0.0011720215
8.279998829E-5	-0.0010955566
8.289998829E-5	-6.1171875E-4
8.299998829E-5	-6.1435547E-4
8.309998829E-5	-3.8364258E-4
8.319998829E-5	-4.6538086E-4
8.329998829E-5	-4.2583008E-4
8.339998829E-5	-1.5292969E-4
8.349998829E-5	1.5292969E-4
8.359998829E-5	2.6103516E-4
8.369998829E-5	4.4296875E-4
8.379998829E-5	7.9628906E-4
8.389998829E-5	9.3867188E-4
8.399998829E-5	0.0010428223
8.409998829E-5	0.0011047852
8.419998829E-5	0.0010533691
8.429998829E-5	0.001317041
8.439998829E-5	0.0014251465
8.449998829E-5	0.0014145996
8.459998829E-5	0.0016189453
8.469998829E-5	0.0014581055
8.479998829E-5	0.0016519043
8.489998829E-5	0.0017178223
8.499998829E-5	0.0016387207
8.509998829E-5	0.0016242188
8.519998829E-5	0.001251123
8.529998829E-5	0.0013130859
8.539998829E-5	0.0011271973
8.549998829E-5	0.0010981934
8.559998829E-5	8.1474609E-4
8.569998829E-5	6.7631836E-4
8.579998829E-5	5.7216797E-4
8.589998829E-5	2.4916992E-4
8.599998829E-5	-2.2412109E-5
8.609998829E-5	-2.2543945E-4
8.619998829E-5	-2.4521484E-4
8.629998829E-5	-4.7988281E-4
8.639998829E-5	-7.3168945E-4
8.649998829E-5	-8.3056641E-4
8.659998829E-5	-6.9477539E-4
8.669998829E-5	-9.7163086E-4
8.679998829E-5	-0.0010204102
8.689998829E-5	-0.0012669434
8.699998829E-5	-0.0010929199
8.709998829E-5	-0.0011746582
8.719998829E-5	-0.0011509277
8.729998829E-5	-0.0011271973
8.739998829E-5	-0.001111377
8.749998829E-5	-0.0010586426
8.759998829E-5	-9.9404297E-4
8.769998829E-5	-7.4091797E-4
8.779998829E-5	-7.2773438E-4
8.789998829E-5	-5.6821289E-4
8.799998829E-5	-6.1962891E-4
8.809998829E-5	-3.9287109E-4
8.819998829E-5	-2.2939453E-4
8.829998829E-5	-1.3183594E-5
8.839998829E-5	5.2734375E-5
8.849998829E-5	2.5708008E-4
8.859998829E-5	4.5351563E-4
8.869998829E-5	7.3696289E-4
8.879998829E-5	6.8291016E-4
8.889998829E-5	8.7143555E-4
8.899998829E-5	8.2001953E-4
8.909998829E-5	0.001027002
8.919998829E-5	0.0011772949
8.929998829E-5	0.0010744629
8.939998829E-5	0.0010797363
8.949998829E-5	0.001401416
8.959998829E-5	0.0012550781
8.969998829E-5	0.0013091309
8.979998829E-5	0.0014831543
8.989998829E-5	0.0013196777
8.999998829E-5	0.0013803223
9.009998829E-5	0.0013236328
9.019998829E-5	0.0010810547
9.029998829E-5	0.0010335938
9.039998829E-5	9.769043E-4
9.049998829E-5	7.2905273E-4
9.059998829E-5	7.1323242E-4
9.069998829E-5	5.1547852E-4
9.079998829E-5	2.5708008E-4
9.089998829E-5	2.0302734E-4
9.099998829E-5	-1.7797852E-4
9.109998829E-5	-1.6611328E-4
9.119998829E-5	-3.3881836E-4
9.129998829E-5	-4.4033203E-4
9.139998829E-5	-5.2602539E-4
9.149998829E-5	-7.6728516E-4
9.159998829E-5	-8.2792969E-4
9.169998829E-5	-8.6748047E-4
9.179998829E-5	-0.0010612793
9.189998829E-5	-9.5712891E-4
9.199998829E-5	-9.8085937E-4
9.209998829E-5	-9.4526367E-4
9.219998829E-5	-7.5146484E-4
9.229998829E-5	-7.8837891E-4
9.239998829E-5	-7.8310547E-4
9.249998829E-5	-9.4394531E-4
9.259998829E-5	-8.0288086E-4
9.269998829E-5	-0.0020645508
9.279998829E-5	-0.0067130859
9.289998829E-5	-0.0089687988
9.299998829E-5	-0.011504004
9.309998829E-5	-0.013803223
9.319998829E-5	-0.014774854
9.329998829E-5	-0.014712891
9.339998829E-5	-0.01333916
9.349998829E-5	-0.011456543
9.359998829E-5	-0.0088686035
9.369998829E-5	-0.005704541
9.379998829E-5	-0.0028661133
9.389998829E-5	3.1245117E-4
9.399998829E-5	0.002802832
9.409998829E-5	0.0052879395
9.419998829E-5	0.0070268555
9.429998829E-5	0.0089305664
9.439998829E-5	0.0095172363
9.449998829E-5	0.0087908203
9.459998829E-5	0.006379541
9.469998829E-5	0.0039353027
9.479998829E-5	9.769043E-4
9.489998829E-5	-0.0033697266
9.499998829E-5	-0.0072061523
9.509998829E-5	-0.0095739258
9.519998829E-5	-0.011213965
9.529998829E-5	-0.011982568
9.539998829E-5	-0.01205376
9.549998829E-5	-0.011596289
9.559998829E-5	-0.010024805
9.569998829E-5	-0.0082516113
9.579998829E-5	-0.0059102051
9.589998829E-5	-0.003440918
9.599998829E-5	-9.6767578E-4
9.609998829E-5	0.001419873
9.619998829E-5	0.0039432129
9.629998829E-5	0.0065192871
9.639998829E-5	0.008118457
9.649998829E-5	0.0082713867
9.659998829E-5	0.0075014648
9.669998829E-5	0.0064586426
9.679998829E-5	0.0049135254
9.689998829E-5	0.0030322266
9.699998829E-5	7.3959961E-4
9.709998829E-5	-0.0019393066
9.719998829E-5	-0.0046749023
9.729998829E-5	-0.0063333984
9.739998829E-5	-0.0072694336
9.749998829E-5	-0.0076240723
9.759998829E-5	-0.007307666
9.769998829E-5	-0.006801416
9.779998829E-5	-0.0059352539
9.789998829E-5	-0.0044033203
9.799998829E-5	-0.003004541
9.809998829E-5	-9.7954102E-4
9.819998829E-5	3.3881836E-4
9.829998829E-5	0.0022504395
9.839998829E-5	0.0041937012
9.849998829E-5	0.0054751465
9.859998829E-5	0.0059616211
9.869998829E-5	0.0057019043
9.879998829E-5	0.0053802246
9.889998829E-5	0.0045760254
9.899998829E-5	0.003389502
9.909998829E-5	0.001889209
9.919998829E-5	2.9926758E-4
9.929998829E-5	-0.0015424805
9.939998829E-5	0.0050163574
9.949998829E-5	0.015376025
9.959998829E-5	0.019495898
9.969998829E-5	0.030849609
9.979998829E-5	0.031238525
9.989998829E-5	0.033300439
9.999998829E-5	0.031001221
1.000999883E-4	0.027941309
1.001999883E-4	0.024753516
1.002999883E-4	0.019932275
1.003999883E-4	0.013439355
1.004999883E-4	0.0068515137
1.005999883E-4	1.6479492E-4
1.006999883E-4	-0.0062846191
1.007999883E-4	-0.011224512
1.008999883E-4	-0.016313379
1.009999883E-4	-0.02226709
1.010999883E-4	-0.022500439
1.011999883E-4	-0.020144531
1.012999883E-4	-0.016316016
1.013999883E-4	-0.011159912
1.014999883E-4	-0.0049530762
1.015999883E-4	0.0023176758
1.016999883E-4	0.011917969
1.017999883E-4	0.018798486
1.018999883E-4	0.022633594
1.019999883E-4	0.025181982
1.020999883E-4	0.026216895
1.021999883E-4	0.025584082
1.022999883E-4	0.023072607
1.023999883E-4	0.019560498
1.024999883E-4	0.015564551
1.025999883E-4	0.009548877
1.026999883E-4	0.0040987793
1.027999883E-4	-0.0019327148
1.028999883E-4	-0.0090294434
1.029999883E-4	-0.014935693
1.030999883E-4	-0.017223047
1.031999883E-4	-0.017969238
1.032999883E-4	-0.017691064
1.033999883E-4	-0.015828223
1.034999883E-4	-0.013231055
1.035999883E-4	-0.0097413574
1.036999883E-4	-0.005128418
1.037999883E-4	-8.0024414E-4
1.038999883E-4	0.0048871582
1.039999883E-4	0.010974023
1.040999883E-4	0.014301563
1.041999883E-4	0.016213184
1.042999883E-4	0.01696333
1.043999883E-4	0.01646499
1.044999883E-4	0.015183545
1.045999883E-4	0.012960791
1.046999883E-4	0.0098837402
1.047999883E-4	0.0065759766
1.048999883E-4	0.0026736328
1.049999883E-4	-9.9404297E-4
1.050999883E-4	-0.0059695313
1.051999883E-4	-0.0094473633
1.052999883E-4	-0.011028076
1.053999883E-4	-0.011794043
1.054999883E-4	-0.011712305
1.055999883E-4	-0.010947656
1.056999883E-4	-0.0091006348
1.057999883E-4	-0.0071850586
1.058999883E-4	-0.0082555664
1.059999883E-4	-0.01097666
1.060999883E-4	-0.010916016
1.061999883E-4	-0.010007666
1.062999883E-4	-0.010372852
1.063999883E-4	-0.011977295
1.064999883E-4	-0.012521777
1.065999883E-4	-0.011617383
1.066999883E-4	-0.010954248
1.067999883E-4	-0.011513232
1.068999883E-4	-0.01215791
1.069999883E-4	-0.011409082
1.070999883E-4	-0.0099865723
1.071999883E-4	-0.0094196777
1.072999883E-4	-0.0095950195
1.073999883E-4	-0.0091441406
1.074999883E-4	-0.0081619629
1.075999883E-4	-0.0062687988
1.076999883E-4	-0.0051350098
1.077999883E-4	-0.0046524902
1.078999883E-4	-0.0039023437
1.079999883E-4	-0.0023756836
1.080999883E-4	-6.7895508E-4
1.081999883E-4	0.0012603516
1.082999883E-4	0.0025747559
1.083999883E-4	0.0035213379
1.084999883E-4	0.0053723145
1.085999883E-4	0.0069714844
1.086999883E-4	0.0079866211
1.087999883E-4	0.0079352051
1.088999883E-4	0.0084177246
1.089999883E-4	0.0090399902
1.090999883E-4	0.0099312012
1.091999883E-4	0.0095040527
1.092999883E-4	0.0095093262
1.093999883E-4	0.009721582
1.094999883E-4	0.0097136719
1.095999883E-4	0.0093194824
1.096999883E-4	0.0087987305
1.097999883E-4	0.0083056641
1.098999883E-4	0.0080907715
1.099999883E-4	0.0073353516
1.100999883E-4	0.0064467773
1.101999883E-4	0.0055265625
1.102999883E-4	0.0050980957
1.103999883E-4	0.0037797363
1.104999883E-4	0.0026828613
1.105999883E-4	0.0015385254
1.106999883E-4	7.4882813E-4
1.107999883E-4	-9.3076172E-4
1.108999883E-4	-0.0027685547
1.109999883E-4	-0.0039234375
1.110999883E-4	-0.0045681152
1.111999883E-4	-0.0052325684
1.112999883E-4	-0.0060130371
1.113999883E-4	-0.0066432129
1.114999883E-4	-0.0068436035
1.115999883E-4	-0.0072443848
1.116999883E-4	-0.0075146484
1.117999883E-4	-0.0077704102
1.118999883E-4	-0.0076372559
1.119999883E-4	-0.0073643555
1.120999883E-4	-0.0072087891
1.121999883E-4	-0.0072865723
1.122999883E-4	-0.0065522461
1.123999883E-4	-0.0063439453
1.124999883E-4	-0.0057678223
1.125999883E-4	-0.005381543
1.126999883E-4	-0.0049214355
1.127999883E-4	-0.0041963379
1.128999883E-4	-0.0037283203
1.129999883E-4	-0.0027237305
1.130999883E-4	-0.0022425293
1.131999883E-4	-0.0013869141
1.132999883E-4	-4.1923828E-4
1.133999883E-4	2.109375E-4
1.134999883E-4	0.0010296387
1.135999883E-4	0.0021120117
1.136999883E-4	0.0033473145
1.137999883E-4	0.0042688477
1.138999883E-4	0.0049530762
1.139999883E-4	0.0051508301
1.140999883E-4	0.0056425781
1.141999883E-4	0.005972168
1.142999883E-4	0.0063268066
1.143999883E-4	0.0064428223
