	V	I
	kv	A
-24.8	0	-0.0056
-24.76	-0.08	-0.0056
-24.72	0.08	-0.0048
-24.68	0	-0.0064
-24.64	-0.08	-0.0064
-24.6	-0.08	-0.0064
-24.56	0	-0.0064
-24.52	0	-0.0056
-24.48	0	-0.0056
-24.44	0.08	-0.0048
-24.4	0.08	-0.0064
-24.36	0	-0.0056
-24.32	0	-0.0056
-24.28	0.08	-0.0072
-24.24	0.16	-0.0056
-24.2	0.16	-0.0056
-24.16	0.08	-0.0056
-24.12	0.08	-0.0056
-24.08	0.16	-0.0056
-24.04	0.08	-0.0056
-24	0.16	-0.0056
-23.96	0.16	-0.0056
-23.92	0.08	-0.0064
-23.88	0.16	-0.0048
-23.84	0.16	-0.0064
-23.8	0.24	-0.0056
-23.76	0.16	-0.0064
-23.72	0.08	-0.0056
-23.68	0.08	-0.0048
-23.64	0.24	-0.0056
-23.6	0.24	-0.0056
-23.56	0.24	-0.0064
-23.52	0.24	-0.0064
-23.48	0.24	-0.0048
-23.44	0.16	-0.0048
-23.4	0.32	-0.0048
-23.36	0.32	-0.004
-23.32	0.16	-0.0056
-23.28	0.32	-0.0048
-23.24	0.16	-0.0056
-23.2	0.24	-0.0056
-23.16	0.32	-0.0056
-23.12	0.24	-0.0048
-23.08	0.24	-0.0056
-23.04	0.24	-0.0048
-23	0.32	-0.0048
-22.96	0.32	-0.0056
-22.92	0.4	-0.004
-22.88	0.32	-0.0048
-22.84	0.4	-0.004
-22.8	0.32	-0.0048
-22.76	0.32	-0.0048
-22.72	0.32	-0.0048
-22.68	0.32	-0.0048
-22.64	0.4	-0.004
-22.6	0.32	-0.0048
-22.56	0.4	-0.004
-22.52	0.4	-0.004
-22.48	0.32	-0.0048
-22.44	0.48	-0.004
-22.4	0.4	-0.004
-22.36	0.4	-0.004
-22.32	0.48	-0.004
-22.28	0.4	-0.004
-22.24	0.4	-0.0032
-22.2	0.48	-0.004
-22.16	0.4	-0.004
-22.12	0.48	-0.0032
-22.08	0.48	-0.0024
-22.04	0.4	-0.0024
-22	0.48	-0.0024
-21.96	0.48	-0.0032
-21.92	0.48	-0.0024
-21.88	0.4	-0.0032
-21.84	0.4	-0.0032
-21.8	0.48	-0.0024
-21.76	0.56	-0.0024
-21.72	0.56	-0.0032
-21.68	0.48	-0.0024
-21.64	0.48	-0.0024
-21.6	0.4	-0.0024
-21.56	0.4	-0.0024
-21.52	0.48	-8E-4
-21.48	0.56	-0.0016
-21.44	0.48	-0.0024
-21.4	0.48	-0.0024
-21.36	0.4	-0.0024
-21.32	0.64	-8E-4
-21.28	0.56	-8E-4
-21.24	0.48	0
-21.2	0.56	-0.0016
-21.16	0.56	-0.0016
-21.12	0.48	-8E-4
-21.08	0.56	-0.0016
-21.04	0.48	0
-21	0.56	-0.0016
-20.96	0.48	8E-4
-20.92	0.56	-8E-4
-20.88	0.56	0
-20.84	0.56	-8E-4
-20.8	0.4	-8E-4
-20.76	0.56	0
-20.72	0.56	0
-20.68	0.48	0
-20.64	0.4	0
-20.6	0.48	0
-20.56	0.48	-8E-4
-20.52	0.48	8E-4
-20.48	0.48	8E-4
-20.44	0.48	8E-4
-20.4	0.56	0
-20.36	0.48	8E-4
-20.32	0.48	8E-4
-20.28	0.56	0
-20.24	0.56	0.0016
-20.2	0.4	0.0016
-20.16	0.48	0
-20.12	0.56	8E-4
-20.08	0.56	8E-4
-20.04	0.48	8E-4
-20	0.48	0.0024
-19.96	0.64	0.0016
-19.92	0.48	0.0024
-19.88	0.48	0.0016
-19.84	0.48	0.0016
-19.8	0.4	0.0016
-19.76	0.48	8E-4
-19.72	0.4	0.0032
-19.68	0.4	0.0016
-19.64	0.56	0.0024
-19.6	0.48	0.0024
-19.56	0.48	0.0016
-19.52	0.32	0.0032
-19.48	0.4	0.0024
-19.44	0.4	0.0032
-19.4	0.32	0.0024
-19.36	0.32	0.0024
-19.32	0.4	0.0016
-19.28	0.4	0.0024
-19.24	0.4	0.0016
-19.2	0.48	0.0032
-19.16	0.32	0.004
-19.12	0.24	0.0032
-19.08	0.4	0.0032
-19.04	0.32	0.0032
-19	0.4	0.0032
-18.96	0.32	0.0032
-18.92	0.4	0.0032
-18.88	0.32	0.0032
-18.84	0.4	0.0032
-18.8	0.32	0.004
-18.76	0.32	0.004
-18.72	0.32	0.004
-18.68	0.32	0.004
-18.64	0.32	0.0024
-18.6	0.32	0.004
-18.56	0.32	0.0048
-18.52	0.32	0.0032
-18.48	0.24	0.004
-18.44	0.24	0.0032
-18.4	0.32	0.0048
-18.36	0.24	0.0048
-18.32	0.32	0.0032
-18.28	0.24	0.004
-18.24	0.16	0.0032
-18.2	0.24	0.004
-18.16	0.24	0.0048
-18.12	0.24	0.0048
-18.08	0.16	0.0048
-18.04	0.24	0.0048
-18	0.16	0.004
-17.96	0.24	0.004
-17.92	0.08	0.004
-17.88	0.16	0.0048
-17.84	0.16	0.0048
-17.8	0.16	0.0032
-17.76	0.24	0.0048
-17.72	0.08	0.004
-17.68	0.16	0.004
-17.64	-0.08	0.0048
-17.6	0.08	0.004
-17.56	0.08	0.0056
-17.52	0.08	0.004
-17.48	0.08	0.004
-17.44	0.08	0.0032
-17.4	-0.08	0.0032
-17.36	0.08	0.0048
-17.32	0.08	0.0048
-17.28	0	0.0056
-17.24	0	0.0032
-17.2	0.08	0.0048
-17.16	0	0.0056
-17.12	-0.08	0.004
-17.08	0	0.0056
-17.04	0	0.0048
-17	-0.08	0.0048
-16.96	0	0.004
-16.92	-0.08	0.0032
-16.88	0	0.004
-16.84	-0.08	0.004
-16.8	-0.08	0.0048
-16.76	-0.08	0.004
-16.72	0	0.0048
-16.68	-0.08	0.004
-16.64	-0.08	0.004
-16.6	-0.16	0.004
-16.56	-0.08	0.004
-16.52	-0.08	0.0048
-16.48	-0.08	0.004
-16.44	-0.08	0.0032
-16.4	-0.08	0.0032
-16.36	-0.08	0.0032
-16.32	-0.08	0.004
-16.28	-0.16	0.004
-16.24	-0.16	0.004
-16.2	-0.16	0.0032
-16.16	-0.16	0.0032
-16.12	-0.16	0.0024
-16.08	-0.16	0.004
-16.04	-0.16	0.004
-16	-0.16	0.0032
-15.96	-0.16	0.004
-15.92	-0.24	0.0024
-15.88	-0.16	0.0032
-15.84	-0.24	0.0032
-15.8	-0.16	0.0032
-15.76	-0.32	0.004
-15.72	-0.24	0.004
-15.68	-0.16	0.0032
-15.64	-0.24	0.0024
-15.6	-0.16	0.0024
-15.56	-0.32	0.0024
-15.52	-0.32	0.0016
-15.48	-0.32	0.0032
-15.44	-0.32	0.0024
-15.4	-0.32	0.0016
-15.36	-0.24	0.0016
-15.32	-0.32	0.0016
-15.28	-0.32	0.0016
-15.24	-0.16	0.0016
-15.2	-0.32	0.0016
-15.16	-0.32	0.0016
-15.12	-0.32	0.0016
-15.08	-0.4	0.0016
-15.04	-0.32	0.0024
-15	-0.4	8E-4
-14.96	-0.24	0.0016
-14.92	-0.4	0.0024
-14.88	-0.32	8E-4
-14.84	-0.4	8E-4
-14.8	-0.32	0.0016
-14.76	-0.32	0
-14.72	-0.4	0.0016
-14.68	-0.32	8E-4
-14.64	-0.32	0.0024
-14.6	-0.32	8E-4
-14.56	-0.32	8E-4
-14.52	-0.32	0
-14.48	-0.32	0
-14.44	-0.32	0.0016
-14.4	-0.4	0
-14.36	-0.32	-8E-4
-14.32	-0.24	0
-14.28	-0.4	0
-14.24	-0.4	-8E-4
-14.2	-0.4	0
-14.16	-0.32	0
-14.12	-0.4	0
-14.08	-0.4	0
-14.04	-0.4	-8E-4
-14	-0.24	-8E-4
-13.96	-0.32	-0.0016
-13.92	-0.32	-0.0016
-13.88	-0.4	-8E-4
-13.84	-0.32	-8E-4
-13.8	-0.32	-0.0016
-13.76	-0.32	-0.0016
-13.72	-0.32	-0.0024
-13.68	-0.4	-0.0016
-13.64	-0.4	-0.0024
-13.6	-0.4	-8E-4
-13.56	-0.24	-0.0016
-13.52	-0.32	-0.0016
-13.48	-0.4	-0.0024
-13.44	-0.4	-0.0024
-13.4	-0.32	-0.0016
-13.36	-0.32	-0.0016
-13.32	-0.32	-0.0016
-13.28	-0.32	-0.0032
-13.24	-0.32	-0.0032
-13.2	-0.4	-0.0016
-13.16	-0.32	-0.004
-13.12	-0.4	-0.0016
-13.08	-0.4	-0.0032
-13.04	-0.32	-0.0016
-13	-0.24	-0.0032
-12.96	-0.32	-0.0032
-12.92	-0.32	-0.0032
-12.88	-0.32	-0.0048
-12.84	-0.32	-0.0024
-12.8	-0.32	-0.0032
-12.76	-0.32	-0.0032
-12.72	-0.32	-0.004
-12.68	-0.32	-0.004
-12.64	-0.32	-0.004
-12.6	-0.24	-0.004
-12.56	-0.24	-0.0024
-12.52	-0.24	-0.004
-12.48	-0.24	-0.0048
-12.44	-0.32	-0.0048
-12.4	-0.16	-0.0048
-12.36	-0.16	-0.004
-12.32	-0.16	-0.0032
-12.28	-0.32	-0.004
-12.24	-0.24	-0.0048
-12.2	-0.16	-0.004
-12.16	-0.16	-0.004
-12.12	-0.16	-0.004
-12.08	-0.24	-0.004
-12.04	-0.16	-0.0048
-12	-0.24	-0.004
-11.96	-0.16	-0.0048
-11.92	-0.08	-0.0056
-11.88	-0.16	-0.0056
-11.84	-0.08	-0.0048
-11.8	-0.24	-0.0032
-11.76	-0.08	-0.0048
-11.72	0	-0.004
-11.68	-0.16	-0.0048
-11.64	-0.08	-0.0048
-11.6	-0.08	-0.0056
-11.56	-0.16	-0.0056
-11.52	-0.16	-0.0048
-11.48	0	-0.004
-11.44	0	-0.0056
-11.4	-0.08	-0.0056
-11.36	-0.08	-0.0056
-11.32	-0.08	-0.0056
-11.28	0	-0.0048
-11.24	-0.08	-0.004
-11.2	-0.08	-0.0056
-11.16	-0.08	-0.0064
-11.12	0	-0.0056
-11.08	0.08	-0.0056
-11.04	0	-0.0056
-11	0.08	-0.0064
-10.96	0.08	-0.0056
-10.92	0.08	-0.0048
-10.88	0	-0.0064
-10.84	0	-0.0056
-10.8	0	-0.0064
-10.76	0	-0.0056
-10.72	0.08	-0.0056
-10.68	0	-0.0056
-10.64	0	-0.0056
-10.6	0.08	-0.0064
-10.56	0.08	-0.0056
-10.52	0.08	-0.0064
-10.48	0.16	-0.0048
-10.44	0.24	-0.0056
-10.4	0.16	-0.0064
-10.36	0.08	-0.0048
-10.32	0.16	-0.0064
-10.28	0.16	-0.0056
-10.24	0.16	-0.0048
-10.2	0.08	-0.0048
-10.16	0.16	-0.004
-10.12	0.08	-0.0056
-10.08	0.24	-0.0048
-10.04	0.08	-0.0048
-10	0.24	-0.0064
-9.96	0.24	-0.0048
-9.92	0.24	-0.0048
-9.88	0.16	-0.0064
-9.84	0.4	-0.0056
-9.8	0.16	-0.0056
-9.76	0.16	-0.0064
-9.72	0.24	-0.0056
-9.68	0.24	-0.0056
-9.64	0.24	-0.004
-9.6	0.24	-0.0056
-9.56	0.16	-0.0056
-9.52	0.24	-0.0048
-9.48	0.24	-0.0056
-9.44	0.24	-0.004
-9.4	0.32	-0.0048
-9.36	0.24	-0.004
-9.32	0.32	-0.0056
-9.28	0.32	-0.004
-9.24	0.32	-0.0048
-9.2	0.4	-0.0056
-9.16	0.4	-0.004
-9.12	0.32	-0.004
-9.08	0.24	-0.004
-9.04	0.32	-0.004
-9	0.4	-0.0048
-8.96	0.4	-0.0048
-8.92	0.32	-0.0048
-8.88	0.4	-0.0032
-8.84	0.4	-0.004
-8.8	0.32	-0.004
-8.76	0.4	-0.004
-8.72	0.32	-0.004
-8.68	0.48	-0.004
-8.64	0.4	-0.004
-8.6	0.4	-0.0024
-8.56	0.48	-0.004
-8.52	0.4	-0.004
-8.48	0.48	-0.004
-8.44	0.4	-0.004
-8.4	0.48	-0.004
-8.36	0.4	-0.0032
-8.32	0.4	-0.0016
-8.28	0.4	-0.0032
-8.24	0.48	-0.0032
-8.2	0.48	-0.0024
-8.16	0.48	-0.0024
-8.12	0.48	-0.0032
-8.08	0.56	-0.0032
-8.04	0.4	-0.0016
-8	0.4	-0.0032
-7.96	0.48	-0.0032
-7.92	0.48	-0.0024
-7.88	0.48	-0.0024
-7.84	0.48	-0.0016
-7.8	0.48	-0.0016
-7.76	0.56	-8E-4
-7.72	0.4	-0.0024
-7.68	0.48	-0.0016
-7.64	0.48	-0.0016
-7.6	0.48	-0.0016
-7.56	0.56	-0.0016
-7.52	0.56	-8E-4
-7.48	0.4	-0.0016
-7.44	0.48	-8E-4
-7.4	0.48	-0.0016
-7.36	0.56	-0.0016
-7.32	0.4	-8E-4
-7.28	0.48	0
-7.24	0.48	-8E-4
-7.2	0.4	0
-7.16	0.4	-8E-4
-7.12	0.48	-8E-4
-7.08	0.56	8E-4
-7.04	0.48	-8E-4
-7	0.48	8E-4
-6.96	0.48	0
-6.92	0.56	-8E-4
-6.88	0.4	0
-6.84	0.48	0
-6.8	0.48	8E-4
-6.76	0.4	8E-4
-6.72	0.48	8E-4
-6.68	0.48	0
-6.64	0.48	0
-6.6	0.48	0
-6.56	0.48	0
-6.52	0.4	0.0016
-6.48	0.56	0.0016
-6.44	0.48	8E-4
-6.4	0.48	8E-4
-6.36	0.56	8E-4
-6.32	0.4	0.0016
-6.28	0.48	0.0016
-6.24	0.48	0.0016
-6.2	0.4	0.0024
-6.16	0.4	0.0016
-6.12	0.32	0.0016
-6.08	0.48	0.0016
-6.04	0.48	0.0016
-6	0.32	0.0024
-5.96	0.48	0.0024
-5.92	0.48	0.0024
-5.88	0.48	0.0024
-5.84	0.4	0.0024
-5.8	0.48	0.0016
-5.76	0.4	0.0024
-5.72	0.4	0.0024
-5.68	0.4	0.0032
-5.64	0.4	0.0024
-5.6	0.4	0.0024
-5.56	0.4	0.0024
-5.52	0.4	0.0032
-5.48	0.48	0.0032
-5.44	0.4	0.0032
-5.4	0.4	0.004
-5.36	0.32	0.0032
-5.32	0.32	0.0032
-5.28	0.4	0.004
-5.24	0.24	0.0032
-5.2	0.24	0.0032
-5.16	0.4	0.0032
-5.12	0.24	0.004
-5.08	0.32	0.0032
-5.04	0.4	0.0024
-5	0.32	0.0032
-4.96	0.24	0.0032
-4.92	0.32	0.004
-4.88	0.24	0.0032
-4.84	0.24	0.004
-4.8	0.32	0.004
-4.76	0.24	0.004
-4.72	0.16	0.0048
-4.68	0.24	0.004
-4.64	0.24	0.0048
-4.6	0.24	0.004
-4.56	0.32	0.004
-4.52	0.24	0.004
-4.48	0.24	0.0032
-4.44	0.32	0.0032
-4.4	0.24	0.0048
-4.36	0.16	0.0048
-4.32	0.16	0.0048
-4.28	0.24	0.004
-4.24	0.16	0.0048
-4.2	0.24	0.004
-4.16	0.24	0.0048
-4.12	0.24	0.004
-4.08	0.08	0.0056
-4.04	0.16	0.004
-4	0.08	0.004
-3.96	0.08	0.0048
-3.92	0.08	0.0032
-3.88	0.08	0.0056
-3.84	0.08	0.004
-3.8	0.24	0.0048
-3.76	0	0.0032
-3.72	0	0.0048
-3.68	0	0.0056
-3.64	0.16	0.004
-3.6	0	0.0048
-3.56	-0.08	0.0048
-3.52	0	0.004
-3.48	0	0.0064
-3.44	-0.08	0.008
-3.4	-0.08	0.0112
-3.36	0	0.0128
-3.32	-0.16	0.0152
-3.28	-0.16	0.0184
-3.24	-0.16	0.0192
-3.2	-0.16	0.0216
-3.16	-0.24	0.0232
-3.12	-0.32	0.0272
-3.08	-0.24	0.0272
-3.04	-0.4	0.0312
-3	-0.4	0.032
-2.96	-0.4	0.0336
-2.92	-0.4	0.0352
-2.88	-0.56	0.0368
-2.84	-0.56	0.0392
-2.8	-0.64	0.0408
-2.76	-0.72	0.0424
-2.72	-0.72	0.0432
-2.68	-0.88	0.044
-2.64	-0.88	0.0456
-2.6	-0.88	0.0456
-2.56	-1.04	0.0472
-2.52	-1.04	0.048
-2.48	-1.2	0.048
-2.44	-1.2	0.0488
-2.4	-1.28	0.0504
-2.36	-1.44	0.056
-2.32	-1.28	0.0864
-2.28	-1.36	0.0592
-2.24	-1.36	0.0544
-2.2	-1.52	0.052
-2.16	-1.52	0.0504
-2.12	-1.6	0.0536
-2.08	-1.6	0.0576
-2.04	-1.68	0.0696
-2	-1.6	0.0544
-1.96	-1.68	0.0608
-1.92	-1.68	0.0632
-1.88	-1.76	0.0656
-1.84	-1.68	0.072
-1.8	-1.84	0.0712
-1.76	-1.84	0.0424
-1.72	-1.92	0.0344
-1.68	-2	0.0528
-1.64	-1.92	0.0728
-1.6	-2.16	0.0776
-1.56	-2.24	0.0624
-1.52	-2.24	0.0472
-1.48	-2.24	0.0448
-1.44	-2.24	0.0648
-1.4	-2.24	0.064
-1.36	-2.4	0.0536
-1.32	-2.56	0.0504
-1.28	-2.48	0.0528
-1.24	-2.56	0.0456
-1.2	-2.4	0.0632
-1.16	-2.32	0.0544
-1.12	-2.48	0.0488
-1.08	-2.48	0.048
-1.04	-2.56	0.0504
-1	-2.72	0.0496
-0.96	-2.64	0.0624
-0.92	-2.8	0.06
-0.88	-2.8	0.0496
-0.84	-2.8	0.0384
-0.8	-2.88	0.0344
-0.76	-2.8	0.0392
-0.72	-2.88	0.0456
-0.68	-2.96	0.0528
-0.64	-2.96	0.0616
-0.6	-2.88	0.0712
-0.56	-2.96	0.0112
-0.52	-3.04	-0.0088
-0.48	-2.88	0.02
-0.44	-2.96	0.0592
-0.4	-2.96	0.0704
-0.36	-3.2	0.0488
-0.32	-3.12	0.0128
-0.28	-3.2	0.0032
-0.24	-2.96	0.0312
-0.2	-2.96	0.0504
-0.16	-3.2	0.04
-0.12	-3.28	0.0256
-0.08	-3.2	0.012
-0.04	-3.12	0.0136
0	-3.2	0.016
0.04	-3.12	0.02
0.08	-3.28	0.0216
0.12	-3.28	0.0176
0.16	-3.36	0.0152
0.2	-3.44	0.0088
0.24	-3.28	0.008
0.28	-3.36	0.008
0.32	-3.28	0.0088
0.36	-3.28	0.0104
0.4	-3.36	0.0072
0.44	-3.36	0.0024
0.48	-3.36	0
0.52	-3.36	-8E-4
0.56	-3.36	8E-4
0.6	-3.36	8E-4
0.64	-3.36	-8E-4
0.68	-3.36	-0.0064
0.72	-3.28	-0.008
0.76	-3.36	-0.0096
0.8	-3.28	-0.0088
0.84	-3.28	-0.0096
0.88	-3.36	-0.0112
0.92	-3.36	-0.0128
0.96	-3.12	-0.016
1	-3.2	-0.0168
1.04	-3.12	-0.0168
1.08	-3.04	-0.0184
1.12	-3.04	-0.0184
1.16	-3.04	-0.0208
1.2	-2.96	-0.0208
1.24	-3.04	-0.024
1.28	-2.96	-0.024
1.32	-2.96	-0.024
1.36	-2.88	-0.0256
1.4	-2.8	-0.0256
1.44	-2.72	-0.0272
1.48	-2.8	-0.0288
1.52	-2.64	-0.0272
1.56	-2.56	-0.0296
1.6	-2.72	-0.0304
1.64	-2.48	-0.0304
1.68	-2.56	-0.0296
1.72	-2.48	-0.0304
1.76	-2.48	-0.0312
1.8	-2.48	-0.0312
1.84	-2.32	-0.0328
1.88	-2.32	-0.0328
1.92	-2.24	-0.0328
1.96	-2.24	-0.032
2	-2.08	-0.0336
2.04	-2.08	-0.0328
2.08	-2	-0.0336
2.12	-2	-0.0344
2.16	-1.92	-0.0328
2.2	-1.92	-0.0328
2.24	-1.84	-0.0312
2.28	-1.68	-0.032
2.32	-1.76	-0.0336
2.36	-1.76	-0.0312
2.4	-1.6	-0.0312
2.44	-1.44	-0.0304
2.48	-1.44	-0.0296
2.52	-1.52	-0.028
2.56	-1.36	-0.0296
2.6	-1.36	-0.028
2.64	-1.44	-0.0272
2.68	-1.36	-0.0272
2.72	-1.36	-0.0256
2.76	-1.2	-0.0256
2.8	-1.2	-0.024
2.84	-1.2	-0.024
2.88	-1.04	-0.0232
2.92	-1.12	-0.0216
2.96	-1.12	-0.0216
3	-0.96	-0.02
3.04	-0.96	-0.0192
3.08	-1.04	-0.0192
3.12	-1.04	-0.0184
3.16	-1.04	-0.0248
3.2	-0.88	-0.0256
3.24	-0.8	-0.028
3.28	-0.72	-0.0352
3.32	-0.8	-0.0392
3.36	-0.64	-0.0464
3.4	-0.72	-0.0416
3.44	-0.48	-0.0472
3.48	-0.4	-0.0464
3.52	-0.32	-0.0544
3.56	-0.32	-0.0576
3.6	-0.24	-0.0592
3.64	-0.08	-0.0616
3.68	0	-0.0616
3.72	0.08	-0.0616
3.76	0.08	-0.0616
3.8	0.24	-0.0616
3.84	0.24	-0.0616
3.88	0.32	-0.0616
3.92	0.56	-0.0616
3.96	0.64	-0.0616
4	0.8	-0.0616
4.04	0.72	-0.0616
4.08	0.88	-0.0616
4.12	0.96	-0.0616
4.16	0.88	-0.0616
4.2	0.96	-0.0616
4.24	0.96	-0.0616
4.28	1.04	-0.0616
4.32	1.36	-0.0616
4.36	1.36	-0.0616
4.4	1.36	-0.0616
4.44	1.36	-0.0616
4.48	1.36	-0.0616
4.52	1.52	-0.0616
4.56	1.52	-0.0616
4.6	1.52	-0.0616
4.64	1.6	-0.0616
4.68	1.68	-0.056
4.72	1.6	-0.056
4.76	1.84	-0.0616
4.8	1.92	-0.0616
4.84	2	-0.0616
4.88	2.08	-0.0616
4.92	2.16	-0.0616
4.96	2.16	-0.0608
5	2.08	-0.0608
5.04	2.16	-0.0616
5.08	2.24	-0.0616
5.12	2.4	-0.0616
5.16	2.4	-0.0616
5.2	2.56	-0.06
5.24	2.48	-0.0616
5.28	2.48	-0.0616
5.32	2.72	-0.0616
5.36	2.56	-0.0616
5.4	2.64	-0.0552
5.44	2.64	-0.0568
5.48	2.72	-0.0616
5.52	2.8	-0.0616
5.56	2.8	-0.0608
5.6	2.96	-0.0576
5.64	2.96	-0.056
5.68	2.96	-0.0504
5.72	2.96	-0.056
5.76	3.04	-0.06
5.8	3.04	-0.0608
5.84	3.12	-0.0616
5.88	3.2	-0.0576
5.92	3.12	-0.0528
5.96	3.28	-0.0472
6	3.28	-0.0448
6.04	3.2	-0.0544
6.08	3.28	-0.052
6.12	3.36	-0.0552
6.16	3.28	-0.0432
6.2	3.36	-0.0368
6.24	3.44	-0.0432
6.28	3.36	-0.0456
6.32	3.44	-0.0408
6.36	3.52	-0.0384
6.4	3.6	-0.0336
6.44	3.68	-0.0352
6.48	3.6	-0.0376
6.52	3.52	-0.0376
6.56	3.68	-0.0336
6.6	3.68	-0.0304
6.64	3.76	-0.0272
6.68	3.68	-0.024
6.72	3.76	-0.024
6.76	3.68	-0.0264
6.8	3.76	-0.0264
6.84	3.84	-0.0224
6.88	3.76	-0.0168
6.92	3.76	-0.0144
6.96	3.68	-0.0136
7	3.84	-0.016
7.04	3.68	-0.012
7.08	3.76	-0.0088
7.12	3.68	-0.0072
7.16	3.76	-0.0064
7.2	3.76	-0.0064
7.24	3.84	-0.0048
7.28	3.76	-0.0024
7.32	3.76	8E-4
7.36	3.68	0.0032
7.4	3.68	0.004
7.44	3.76	0.0048
7.48	3.76	0.0064
7.52	3.6	0.0072
7.56	3.6	0.0096
7.6	3.68	0.0104
7.64	3.6	0.0128
7.68	3.6	0.0128
7.72	3.68	0.0144
7.76	3.6	0.016
7.8	3.52	0.0184
7.84	3.44	0.0184
7.88	3.44	0.02
7.92	3.36	0.0208
7.96	3.44	0.0208
8	3.44	0.024
8.04	3.36	0.0248
8.08	3.36	0.0272
8.12	3.28	0.0264
8.16	3.2	0.0272
8.2	3.12	0.0288
8.24	3.12	0.0296
8.28	3.04	0.0312
8.32	2.96	0.0312
8.36	2.88	0.032
8.4	2.88	0.0312
8.44	2.88	0.032
8.48	2.8	0.0328
8.52	2.88	0.0336
8.56	2.64	0.0344
8.6	2.56	0.0344
8.64	2.56	0.0352
8.68	2.56	0.0344
8.72	2.48	0.0344
8.76	2.4	0.0352
8.8	2.32	0.0344
8.84	2.32	0.0352
8.88	2.24	0.0344
8.92	2.16	0.0344
8.96	2.16	0.0344
9	2.08	0.0336
9.04	2.08	0.0344
9.08	2	0.0336
9.12	2	0.0344
9.16	2	0.0328
9.2	1.84	0.032
9.24	1.84	0.032
9.28	1.84	0.0304
9.32	1.68	0.0312
9.36	1.68	0.0296
9.4	1.6	0.0296
9.44	1.6	0.028
9.48	1.52	0.0272
9.52	1.52	0.0256
9.56	1.44	0.0256
9.6	1.36	0.0248
9.64	1.36	0.0232
9.68	1.36	0.0216
9.72	1.28	0.0216
9.76	1.36	0.0208
9.8	1.2	0.0192
9.84	1.28	0.0168
9.88	1.28	0.0168
9.92	1.2	0.0136
9.96	1.2	0.0144
10	1.12	0.0128
10.04	1.2	0.0112
10.08	1.12	0.0096
10.12	1.12	0.0088
10.16	1.04	0.0088
10.2	1.04	0.0072
10.24	0.96	0.0056
10.28	0.96	0.0072
10.32	0.96	0.008
10.36	1.12	0.0104
10.4	1.04	0.012
10.44	0.88	0.0128
10.48	0.96	0.0128
10.52	0.88	0.012
10.56	0.88	0.012
10.6	0.88	0.0104
10.64	0.8	0.0104
10.68	0.88	0.0088
10.72	0.8	0.0112
10.76	0.8	0.0112
10.8	0.8	0.012
10.84	0.8	0.0136
10.88	0.8	0.0128
10.92	0.8	0.0136
10.96	0.64	0.0128
11	0.64	0.0128
11.04	0.64	0.0112
11.08	0.64	0.0104
11.12	0.72	0.012
11.16	0.64	0.0128
11.2	0.64	0.0144
11.24	0.48	0.0144
11.28	0.56	0.0136
11.32	0.56	0.0136
11.36	0.48	0.0128
11.4	0.56	0.0136
11.44	0.48	0.0144
11.48	0.4	0.0144
11.52	0.4	0.0144
11.56	0.48	0.0136
11.6	0.32	0.0136
11.64	0.4	0.0144
11.68	0.4	0.0152
11.72	0.4	0.0136
11.76	0.32	0.0152
11.8	0.24	0.0136
11.84	0.24	0.0144
11.88	0.32	0.0152
11.92	0.16	0.0144
11.96	0.16	0.016
12	0.16	0.0152
12.04	0.24	0.0152
12.08	0.08	0.0136
12.12	0.08	0.0152
12.16	0.08	0.0152
12.2	0.08	0.0152
12.24	0.08	0.0144
12.28	0	0.0144
12.32	-0.08	0.0144
12.36	0	0.016
12.4	-0.16	0.016
12.44	-0.08	0.0128
12.48	-0.08	0.0128
12.52	-0.16	0.0128
12.56	-0.16	0.0152
12.6	-0.24	0.016
12.64	-0.24	0.0152
12.68	-0.24	0.0136
12.72	-0.24	0.0128
12.76	-0.32	0.0136
12.8	-0.24	0.0168
12.84	-0.24	0.0168
12.88	-0.4	0.0152
12.92	-0.4	0.0136
12.96	-0.32	0.012
13	-0.32	0.0144
13.04	-0.32	0.016
13.08	-0.4	0.0184
13.12	-0.4	0.0112
13.16	-0.32	0.0096
13.2	-0.4	0.012
13.24	-0.4	0.0152
13.28	-0.48	0.0168
13.32	-0.48	0.0152
13.36	-0.4	0.0128
13.4	-0.32	0.012
13.44	-0.4	0.012
13.48	-0.56	0.0128
13.52	-0.48	0.0112
13.56	-0.48	0.0128
13.6	-0.56	0.0136
13.64	-0.56	0.0128
13.68	-0.48	0.012
13.72	-0.56	0.0112
13.76	-0.64	0.0112
13.8	-0.56	0.0144
13.84	-0.56	0.0096
13.88	-0.56	0.0096
13.92	-0.56	0.0128
13.96	-0.64	0.0128
14	-0.64	0.0104
14.04	-0.64	0.0152
14.08	-0.64	0.0112
14.12	-0.64	0.0112
14.16	-0.64	0.0136
14.2	-0.64	0.0104
14.24	-0.64	0.0024
14.28	-0.72	0.0096
14.32	-0.56	0.0176
14.36	-0.56	0.024
14.4	-0.64	0.008
14.44	-0.56	-0.0024
14.48	-0.64	8E-4
14.52	-0.64	0.0104
14.56	-0.72	0.016
14.6	-0.8	0.016
14.64	-0.8	0.008
14.68	-0.72	0.0024
14.72	-0.72	0.0024
14.76	-0.72	0.008
14.8	-0.72	0.0144
14.84	-0.88	0.0128
14.88	-0.8	0.008
14.92	-0.8	0.004
14.96	-0.88	0.0048
15	-0.88	0.0064
15.04	-0.88	0.0056
15.08	-0.8	0.0072
15.12	-0.8	0.0096
15.16	-0.8	0.004
15.2	-0.8	0.0056
15.24	-0.72	0.008
15.28	-0.72	0.0096
15.32	-0.8	0.0048
15.36	-0.72	0.0016
15.4	-0.72	0.0016
15.44	-0.72	0.004
15.48	-0.88	0.0056
15.52	-0.8	0.0064
15.56	-0.8	0.004
15.6	-0.8	0.0032
15.64	-0.88	0.0032
15.68	-0.8	-0.0088
15.72	-0.8	-0.0024
15.76	-0.8	0.0064
15.8	-0.8	0.0128
15.84	-0.88	0.0072
15.88	-0.88	0.0024
15.92	-0.8	-0.0032
15.96	-0.88	-0.004
16	-0.8	0.0016
16.04	-0.96	0.0056
16.08	-0.8	0.0048
16.12	-0.96	0.0016
16.16	-0.96	-0.0032
16.2	-0.8	-0.0024
16.24	-0.8	0.0016
16.28	-0.88	0.0032
16.32	-0.88	0.0024
16.36	-0.96	8E-4
16.4	-0.88	-0.0016
16.44	-0.88	-0.0024
16.48	-0.88	-0.0016
16.52	-0.96	-8E-4
16.56	-0.8	-8E-4
16.6	-0.88	-8E-4
16.64	-0.88	-0.0016
16.68	-0.8	-0.0016
16.72	-0.88	-0.0024
16.76	-0.8	8E-4
16.8	-0.8	-0.0016
16.84	-0.8	-0.0032
16.88	-0.88	-0.0032
16.92	-0.88	-0.0048
16.96	-0.88	-0.0032
17	-0.8	-0.0024
17.04	-0.8	-0.0024
17.08	-0.72	-0.004
17.12	-0.88	-0.004
17.16	-0.8	-0.004
17.2	-0.8	-0.0048
17.24	-0.8	-0.004
17.28	-0.88	-0.004
17.32	-0.8	-0.0048
17.36	-0.64	-0.0048
17.4	-0.64	-0.0056
17.44	-0.8	-0.0056
17.48	-0.72	-0.0048
17.52	-0.8	-0.004
17.56	-0.8	-0.0048
17.6	-0.72	-0.0056
17.64	-0.72	-0.0056
17.68	-0.64	-0.0064
17.72	-0.72	-0.0064
17.76	-0.64	-0.0064
17.8	-0.64	-0.0056
17.84	-0.64	-0.0064
17.88	-0.56	-0.0072
17.92	-0.72	-0.0072
17.96	-0.72	-0.008
18	-0.64	-0.0072
18.04	-0.64	-0.0072
18.08	-0.56	-0.0072
18.12	-0.56	-0.0088
18.16	-0.56	-0.0096
18.2	-0.56	-0.0088
18.24	-0.48	-0.008
18.28	-0.48	-0.0072
18.32	-0.4	-0.008
18.36	-0.56	-0.0072
18.4	-0.48	-0.0088
18.44	-0.4	-0.0096
18.48	-0.48	-0.0088
18.52	-0.4	-0.0096
18.56	-0.48	-0.0088
18.6	-0.48	-0.0096
18.64	-0.4	-0.0088
18.68	-0.4	-0.0104
18.72	-0.4	-0.0104
18.76	-0.4	-0.0104
18.8	-0.48	-0.0104
18.84	-0.32	-0.0088
18.88	-0.4	-0.0096
18.92	-0.32	-0.0104
18.96	-0.32	-0.0104
19	-0.4	-0.0104
19.04	-0.32	-0.0096
19.08	-0.32	-0.0104
19.12	-0.24	-0.0096
19.16	-0.24	-0.0104
19.2	-0.16	-0.0104
19.24	-0.16	-0.0104
19.28	-0.24	-0.0112
19.32	-0.08	-0.0096
19.36	-0.16	-0.0104
19.4	-0.08	-0.0104
19.44	-0.08	-0.0104
19.48	0	-0.0112
19.52	-0.08	-0.0112
19.56	0	-0.0112
19.6	0	-0.0104
19.64	0	-0.0112
19.68	-0.08	-0.0096
19.72	-0.08	-0.0112
19.76	0	-0.012
19.8	0	-0.0104
19.84	0	-0.012
19.88	0	-0.0112
19.92	0.08	-0.0096
19.96	0.16	-0.0104
20	0.08	-0.012
20.04	0.16	-0.012
20.08	0.16	-0.0112
20.12	0.16	-0.012
20.16	0.32	-0.0104
20.2	0.16	-0.0104
20.24	0.08	-0.0104
20.28	0.16	-0.0104
20.32	0.16	-0.0112
20.36	0.24	-0.0112
20.4	0.24	-0.0104
20.44	0.24	-0.0104
20.48	0.24	-0.0104
20.52	0.32	-0.0104
20.56	0.4	-0.0104
20.6	0.4	-0.0112
20.64	0.32	-0.0104
20.68	0.48	-0.0104
20.72	0.32	-0.0096
20.76	0.4	-0.0104
20.8	0.4	-0.0104
20.84	0.4	-0.0104
20.88	0.4	-0.0112
20.92	0.56	-0.0096
20.96	0.56	-0.0104
21	0.48	-0.0088
21.04	0.56	-0.0096
21.08	0.56	-0.0104
21.12	0.48	-0.0096
21.16	0.56	-0.0096
21.2	0.56	-0.0088
21.24	0.56	-0.0088
21.28	0.56	-0.0088
21.32	0.64	-0.0088
21.36	0.64	-0.0088
21.4	0.56	-0.0088
21.44	0.64	-0.008
21.48	0.64	-0.008
21.52	0.64	-0.008
21.56	0.64	-0.008
21.6	0.64	-0.0072
21.64	0.72	-0.0072
21.68	0.64	-0.008
21.72	0.64	-0.008
21.76	0.8	-0.0064
21.8	0.72	-0.008
21.84	0.8	-0.0072
21.88	0.8	-0.0072
21.92	0.8	-0.0072
21.96	0.88	-0.0064
22	0.8	-0.0072
22.04	0.8	-0.0056
22.08	0.88	-0.0056
22.12	0.8	-0.0072
22.16	0.72	-0.0064
22.2	0.8	-0.0072
22.24	0.96	-0.0048
22.28	0.88	-0.0056
22.32	0.72	-0.0048
22.36	0.88	-0.0048
22.4	0.88	-0.004
22.44	0.96	-0.004
22.48	0.96	-0.0048
22.52	0.8	-0.004
22.56	0.88	-0.0048
22.6	0.96	-0.0032
22.64	0.8	-0.0032
22.68	0.96	-0.0032
22.72	0.88	-0.004
22.76	0.88	-0.004
22.8	0.88	-0.0016
22.84	0.88	-0.0032
22.88	0.96	-0.0024
22.92	0.96	-0.0024
22.96	0.88	-0.0024
23	1.04	-0.0024
23.04	0.96	-0.0024
23.08	0.88	-8E-4
23.12	0.96	-0.0016
23.16	0.96	-0.0016
23.2	0.96	-0.0016
23.24	1.04	-8E-4
23.28	0.96	0
23.32	0.96	0
23.36	0.96	0
23.4	0.96	-8E-4
23.44	0.96	0
23.48	0.88	8E-4
23.52	0.96	0
23.56	0.96	0.0016
23.6	0.96	0
23.64	1.04	0.0016
23.68	0.8	0
23.72	1.04	0.0016
23.76	0.96	0.0016
23.8	0.96	8E-4
23.84	0.88	0.0016
23.88	0.88	0.0032
23.92	1.04	0.0032
23.96	0.88	0.0016
24	0.96	0.0032
24.04	0.88	0.0024
24.08	0.88	0.0024
24.12	0.88	0.004
24.16	0.96	0.004
24.2	0.72	0.0032
24.24	0.8	0.004
24.28	0.8	0.004
24.32	0.88	0.004
24.36	0.8	0.0032
24.4	0.88	0.0056
24.44	0.8	0.004
24.48	0.8	0.0048
24.52	0.72	0.0048
24.56	0.88	0.0048
24.6	0.88	0.0064
24.64	0.72	0.0048
24.68	0.8	0.0064
24.72	0.8	0.0048
24.76	0.8	0.0056
24.8	0.72	0.0064
24.84	0.72	0.0048
24.88	0.8	0.0072
24.92	0.72	0.0056
24.96	0.8	0.0072
25	0.8	0.0072
25.04	0.64	0.0056
25.08	0.64	0.0064
25.12	0.72	0.0064
25.16	0.64	0.0072
25.2	0.64	0.0072
25.24	0.56	0.0072
25.28	0.64	0.008
25.32	0.64	0.0072
25.36	0.64	0.008
25.4	0.64	0.0072
25.44	0.64	0.008
25.48	0.56	0.0088
25.52	0.48	0.008
25.56	0.48	0.008
25.6	0.64	0.008
25.64	0.48	0.0088
25.68	0.48	0.0088
25.72	0.4	0.0096
25.76	0.48	0.0088
25.8	0.56	0.008
25.84	0.4	0.0088
25.88	0.4	0.008
25.92	0.48	0.0088
25.96	0.32	0.0088
26	0.32	0.0104
26.04	0.4	0.0088
26.08	0.4	0.008
26.12	0.32	0.0088
26.16	0.32	0.0088
26.2	0.32	0.0096
26.24	0.32	0.0104
26.28	0.24	0.0096
26.32	0.32	0.0096
26.36	0.24	0.0088
26.4	0.16	0.0096
26.44	0.16	0.0096
26.48	0.08	0.0104
26.52	0.16	0.0096
26.56	0.24	0.0104
26.6	0.16	0.0088
26.64	0.24	0.0088
26.68	0.24	0.0096
26.72	0.08	0.0096
26.76	0.16	0.0104
26.8	0.08	0.0096
26.84	0	0.0096
26.88	0	0.0104
26.92	0	0.0088
26.96	0	0.0088
27	-0.08	0.0096
27.04	-0.08	0.0104
27.08	-0.08	0.0088
27.12	0	0.0096
27.16	-0.08	0.0096
27.2	-0.08	0.0096
27.24	-0.16	0.0088
27.28	-0.16	0.0088
27.32	-0.08	0.0096
27.36	-0.16	0.0088
27.4	-0.16	0.008
27.44	-0.24	0.008
27.48	-0.24	0.0096
27.52	-0.08	0.0096
27.56	-0.24	0.0088
27.6	-0.24	0.0096
27.64	-0.32	0.008
27.68	-0.24	0.0088
27.72	-0.24	0.0088
27.76	-0.32	0.008
27.8	-0.32	0.0088
27.84	-0.32	0.0088
27.88	-0.24	0.0096
27.92	-0.4	0.008
27.96	-0.32	0.0072
28	-0.4	0.0072
28.04	-0.32	0.008
28.08	-0.4	0.0088
28.12	-0.4	0.008
28.16	-0.64	0.008
28.2	-0.4	0.0064
28.24	-0.56	0.0072
28.28	-0.48	0.0064
28.32	-0.32	0.0072
28.36	-0.48	0.0072
28.4	-0.56	0.0072
28.44	-0.64	0.0064
28.48	-0.48	0.0064
28.52	-0.48	0.0064
28.56	-0.56	0.0064
28.6	-0.64	0.0056
28.64	-0.64	0.0072
28.68	-0.56	0.0056
28.72	-0.64	0.0056
28.76	-0.64	0.0056
28.8	-0.64	0.0048
28.84	-0.72	0.0056
28.88	-0.56	0.0056
28.92	-0.64	0.0048
28.96	-0.64	0.0056
29	-0.64	0.004
29.04	-0.64	0.004
29.08	-0.72	0.0032
29.12	-0.72	0.0048
29.16	-0.72	0.0048
29.2	-0.72	0.0032
29.24	-0.64	0.004
29.28	-0.72	0.0024
29.32	-0.72	0.0024
29.36	-0.72	0.004
29.4	-0.64	0.004
29.44	-0.8	0.004
29.48	-0.8	0.0032
29.52	-0.8	0.0032
29.56	-0.8	0.0016
29.6	-0.8	0.0016
29.64	-0.8	0.0016
29.68	-0.8	0.0016
29.72	-0.72	8E-4
29.76	-0.64	0.0016
29.8	-0.8	8E-4
29.84	-0.8	0
29.88	-0.8	8E-4
29.92	-0.88	8E-4
29.96	-0.8	0.0016
30	-0.8	0.0016
30.04	-0.8	-8E-4
30.08	-0.88	0
30.12	-0.8	-8E-4
30.16	-0.72	0
30.2	-0.64	0
30.24	-0.88	0
30.28	-0.8	-8E-4
30.32	-0.72	-8E-4
30.36	-0.72	-0.0016
30.4	-0.8	-0.0016
30.44	-0.8	-8E-4
30.48	-0.72	-0.0032
30.52	-0.72	-8E-4
30.56	-0.8	-0.0032
30.6	-0.72	-0.0024
30.64	-0.8	-0.0032
30.68	-0.8	-0.0032
30.72	-0.72	-0.0024
30.76	-0.72	-0.0032
30.8	-0.8	-0.0032
30.84	-0.8	-0.0032
30.88	-0.8	-0.004
30.92	-0.72	-0.0048
30.96	-0.72	-0.0048
31	-0.8	-0.0032
31.04	-0.64	-0.0056
31.08	-0.64	-0.0048
31.12	-0.72	-0.0048
31.16	-0.64	-0.0056
31.2	-0.64	-0.0048
31.24	-0.64	-0.004
31.28	-0.72	-0.0048
31.32	-0.8	-0.0056
31.36	-0.56	-0.0064
31.4	-0.64	-0.0064
31.44	-0.64	-0.0056
31.48	-0.56	-0.0056
31.52	-0.56	-0.0064
31.56	-0.64	-0.0048
31.6	-0.64	-0.0072
31.64	-0.56	-0.0072
31.68	-0.64	-0.0072
31.72	-0.64	-0.0072
31.76	-0.56	-0.0064
31.8	-0.56	-0.0072
31.84	-0.56	-0.0064
31.88	-0.56	-0.008
31.92	-0.56	-0.008
31.96	-0.48	-0.008
32	-0.48	-0.008
32.04	-0.48	-0.0072
32.08	-0.48	-0.0072
32.12	-0.56	-0.0088
32.16	-0.48	-0.008
32.2	-0.48	-0.0096
32.24	-0.4	-0.0096
32.28	-0.4	-0.0096
32.32	-0.48	-0.0088
32.36	-0.48	-0.0096
32.4	-0.4	-0.0096
32.44	-0.4	-0.0088
32.48	-0.4	-0.0096
32.52	-0.32	-0.0096
32.56	-0.4	-0.0096
32.6	-0.32	-0.0096
32.64	-0.16	-0.0096
32.68	-0.24	-0.0096
32.72	-0.24	-0.0104
32.76	-0.32	-0.0104
32.8	-0.32	-0.0096
32.84	-0.24	-0.0104
32.88	-0.24	-0.0088
32.92	-0.16	-0.0104
32.96	-0.16	-0.0112
33	-0.16	-0.0104
33.04	-0.08	-0.0096
33.08	-0.08	-0.0096
33.12	-0.08	-0.0104
33.16	-0.16	-0.0096
33.2	-0.08	-0.0104
33.24	-0.08	-0.0112
33.28	0	-0.0112
33.32	0	-0.0096
33.36	0	-0.0096
33.4	0	-0.0096
33.44	-0.08	-0.0096
33.48	0	-0.0096
33.52	0.08	-0.0112
33.56	0.08	-0.0104
33.6	0	-0.0112
33.64	0	-0.0104
33.68	0.08	-0.0112
33.72	0.16	-0.0104
33.76	0.08	-0.0104
33.8	0.16	-0.012
33.84	0.08	-0.0104
33.88	0.16	-0.0104
33.92	0.16	-0.0096
33.96	0.32	-0.0112
34	0.16	-0.0112
34.04	0.16	-0.0104
34.08	0.24	-0.0112
34.12	0.24	-0.0104
34.16	0.32	-0.0088
34.2	0.32	-0.0088
34.24	0.24	-0.0104
34.28	0.4	-0.0104
34.32	0.24	-0.0096
34.36	0.32	-0.0104
34.4	0.4	-0.0088
34.44	0.4	-0.0112
34.48	0.32	-0.0088
34.52	0.4	-0.0096
34.56	0.4	-0.0088
34.6	0.4	-0.0096
34.64	0.4	-0.0096
34.68	0.4	-0.0088
34.72	0.56	-0.0088
34.76	0.4	-0.0088
34.8	0.56	-0.0088
34.84	0.56	-0.0104
34.88	0.56	-0.0088
34.92	0.48	-0.0088
34.96	0.56	-0.008
35	0.56	-0.008
35.04	0.56	-0.008
35.08	0.56	-0.008
35.12	0.64	-0.0096
35.16	0.64	-0.0088
35.2	0.64	-0.008
35.24	0.64	-0.008
35.28	0.64	-0.008
35.32	0.64	-0.008
35.36	0.72	-0.008
35.4	0.8	-0.0072
35.44	0.72	-0.0072
35.48	0.72	-0.008
35.52	0.72	-0.0064
35.56	0.56	-0.0072
35.6	0.72	-0.0064
35.64	0.72	-0.0064
35.68	0.8	-0.0064
35.72	0.8	-0.0056
35.76	0.8	-0.0056
35.8	0.8	-0.004
35.84	0.72	-0.0064
35.88	0.8	-0.0064
35.92	0.8	-0.0056
35.96	0.72	-0.0056
36	0.88	-0.0048
36.04	0.8	-0.0048
36.08	0.8	-0.0048
36.12	0.8	-0.0048
36.16	0.8	-0.0048
36.2	0.8	-0.0048
36.24	0.96	-0.0048
36.28	0.8	-0.004
36.32	0.88	-0.0048
36.36	0.8	-0.004
36.4	0.88	-0.0032
36.44	0.88	-0.0032
36.48	0.88	-0.0024
36.52	0.96	-0.004
36.56	0.8	-0.0024
36.6	0.88	-0.0032
36.64	0.96	-0.0024
36.68	0.88	-0.0016
36.72	0.8	-0.0024
36.76	0.88	-0.0016
36.8	0.88	-0.0024
36.84	0.88	-8E-4
36.88	0.88	-0.0016
36.92	0.88	-0.0024
36.96	0.88	-0.0016
37	0.96	-0.0016
37.04	0.96	0
37.08	0.88	8E-4
37.12	0.96	-8E-4
37.16	0.96	0
37.2	0.96	0
37.24	0.88	0
37.28	0.88	8E-4
37.32	0.96	8E-4
37.36	0.88	8E-4
37.4	0.88	0.0016
37.44	0.88	0.0016
37.48	0.96	8E-4
37.52	0.88	8E-4
37.56	0.88	0.0024
37.6	0.88	0.0024
37.64	0.96	0.0016
37.68	0.96	0.0024
37.72	0.8	0.0016
37.76	0.88	0.0024
37.8	0.88	0.0032
37.84	0.8	0.0032
37.88	0.88	0.0032
37.92	0.88	0.0024
37.96	0.8	0.0024
38	0.72	0.0032
38.04	0.8	0.0032
38.08	0.88	0.0048
38.12	0.8	0.0048
38.16	0.72	0.0056
38.2	0.88	0.004
38.24	0.88	0.0048
38.28	0.8	0.0048
38.32	0.64	0.004
38.36	0.72	0.0056
38.4	0.8	0.0048
38.44	0.72	0.0056
38.48	0.72	0.0048
38.52	0.72	0.0056
38.56	0.72	0.0064
38.6	0.72	0.0048
38.64	0.72	0.0064
38.68	0.64	0.0056
38.72	0.56	0.0064
38.76	0.64	0.0056
38.8	0.64	0.0056
38.84	0.56	0.0064
38.88	0.72	0.0064
38.92	0.56	0.008
38.96	0.56	0.0064
39	0.64	0.0072
39.04	0.56	0.008
39.08	0.64	0.0064
39.12	0.56	0.0072
39.16	0.56	0.008
39.2	0.48	0.008
39.24	0.56	0.0072
39.28	0.56	0.008
39.32	0.56	0.0072
39.36	0.56	0.008
39.4	0.48	0.0088
39.44	0.48	0.008
39.48	0.4	0.0096
39.52	0.4	0.0072
39.56	0.48	0.0088
39.6	0.4	0.0088
39.64	0.32	0.008
39.68	0.32	0.0096
39.72	0.4	0.0088
39.76	0.4	0.0096
39.8	0.32	0.008
39.84	0.32	0.0088
39.88	0.32	0.0096
39.92	0.32	0.0088
39.96	0.32	0.0096
40	0.32	0.0088
40.04	0.16	0.0088
40.08	0.24	0.0088
40.12	0.24	0.0088
40.16	0.16	0.0088
40.2	0.16	0.0088
40.24	0.08	0.0096
40.28	0.08	0.0088
40.32	0.08	0.0088
40.36	0.08	0.0088
40.4	0.08	0.0088
40.44	0.08	0.0096
40.48	0	0.008
40.52	0.08	0.0104
40.56	0.08	0.0096
40.6	0	0.0096
40.64	-0.08	0.0096
40.68	0	0.0088
40.72	0.08	0.0088
40.76	0	0.0088
40.8	0	0.0096
40.84	-0.08	0.0088
40.88	-0.16	0.0088
40.92	-0.16	0.0088
40.96	-0.08	0.0088
41	-0.08	0.0096
41.04	-0.16	0.0096
41.08	-0.16	0.008
41.12	-0.16	0.0088
41.16	-0.16	0.008
41.2	-0.16	0.008
41.24	-0.08	0.008
41.28	-0.24	0.0088
41.32	-0.32	0.0088
41.36	-0.24	0.0088
41.4	-0.32	0.008
41.44	-0.32	0.008
41.48	-0.32	0.0072
41.52	-0.32	0.0072
41.56	-0.32	0.008
41.6	-0.32	0.0072
41.64	-0.32	0.008
41.68	-0.32	0.0072
41.72	-0.4	0.0072
41.76	-0.4	0.0072
41.8	-0.4	0.0072
41.84	-0.4	0.008
41.88	-0.48	0.0072
41.92	-0.48	0.0064
41.96	-0.48	0.0064
42	-0.4	0.0064
42.04	-0.48	0.0072
42.08	-0.48	0.0072
42.12	-0.48	0.0064
42.16	-0.4	0.0064
42.2	-0.4	0.0064
42.24	-0.56	0.0064
42.28	-0.48	0.0064
42.32	-0.64	0.0064
42.36	-0.64	0.0048
42.4	-0.48	0.0056
42.44	-0.48	0.0048
42.48	-0.48	0.0048
42.52	-0.64	0.0048
42.56	-0.64	0.0048
42.6	-0.64	0.0056
42.64	-0.64	0.0048
42.68	-0.72	0.004
42.72	-0.56	0.004
42.76	-0.64	0.004
42.8	-0.64	0.004
42.84	-0.72	0.004
42.88	-0.64	0.0048
42.92	-0.72	0.0032
42.96	-0.64	0.0032
43	-0.72	0.004
43.04	-0.72	0.0032
43.08	-0.64	0.0032
43.12	-0.72	0.0032
43.16	-0.72	0.0024
43.2	-0.72	0.0024
43.24	-0.64	0.0016
43.28	-0.72	0.0024
43.32	-0.72	0.0024
43.36	-0.64	0.0016
43.4	-0.72	8E-4
43.44	-0.64	0.0016
43.48	-0.72	8E-4
43.52	-0.64	8E-4
43.56	-0.72	8E-4
43.6	-0.8	0
43.64	-0.8	8E-4
43.68	-0.8	8E-4
43.72	-0.72	8E-4
43.76	-0.72	0
43.8	-0.72	-8E-4
43.84	-0.72	-8E-4
43.88	-0.88	-8E-4
43.92	-0.72	-8E-4
43.96	-0.8	-8E-4
44	-0.88	-8E-4
44.04	-0.8	-0.0016
44.08	-0.72	-0.0016
44.12	-0.72	-0.0016
44.16	-0.72	-0.0024
44.2	-0.8	-0.0024
44.24	-0.8	-0.0016
44.28	-0.88	-0.0016
44.32	-0.72	-0.0024
44.36	-0.8	-0.0024
44.4	-0.72	-0.0024
44.44	-0.72	-0.0032
44.48	-0.72	-0.0016
44.52	-0.64	-0.0024
44.56	-0.72	-0.0032
44.6	-0.72	-0.0032
44.64	-0.64	-0.0032
44.68	-0.72	-0.0032
44.72	-0.64	-0.004
44.76	-0.64	-0.004
44.8	-0.64	-0.004
44.84	-0.8	-0.0056
44.88	-0.72	-0.0048
44.92	-0.64	-0.004
44.96	-0.64	-0.0048
45	-0.64	-0.0048
45.04	-0.72	-0.0056
45.08	-0.56	-0.0048
45.12	-0.64	-0.0064
45.16	-0.64	-0.0056
45.2	-0.56	-0.0056
45.24	-0.48	-0.0064
45.28	-0.56	-0.0056
45.32	-0.56	-0.0056
45.36	-0.56	-0.0064
45.4	-0.56	-0.0064
45.44	-0.56	-0.0072
45.48	-0.56	-0.0072
45.52	-0.48	-0.0072
45.56	-0.48	-0.0072
45.6	-0.4	-0.0072
45.64	-0.56	-0.0072
45.68	-0.56	-0.008
45.72	-0.48	-0.0072
45.76	-0.48	-0.008
45.8	-0.48	-0.008
45.84	-0.4	-0.008
45.88	-0.48	-0.008
45.92	-0.4	-0.008
45.96	-0.48	-0.0088
46	-0.24	-0.0072
46.04	-0.32	-0.0072
46.08	-0.32	-0.008
46.12	-0.4	-0.0096
46.16	-0.32	-0.0096
46.2	-0.32	-0.008
46.24	-0.32	-0.0088
46.28	-0.4	-0.008
46.32	-0.32	-0.0096
46.36	-0.32	-0.008
46.4	-0.32	-0.0096
46.44	-0.16	-0.0096
46.48	-0.32	-0.0104
46.52	-0.24	-0.0096
46.56	-0.16	-0.008
46.6	-0.24	-0.0096
46.64	-0.24	-0.0096
46.68	-0.24	-0.0096
46.72	-0.16	-0.0104
46.76	-0.24	-0.0096
46.8	-0.16	-0.0096
46.84	-0.16	-0.0088
46.88	-0.08	-0.0112
46.92	-0.08	-0.0104
46.96	-0.08	-0.0096
47	-0.08	-0.0104
47.04	0	-0.0104
47.08	0.08	-0.0096
47.12	-0.08	-0.0104
47.16	0	-0.0104
47.2	0	-0.0104
47.24	0	-0.0104
47.28	0.08	-0.0104
47.32	0.08	-0.0096
47.36	0.08	-0.0112
47.4	0.08	-0.0088
47.44	0	-0.0088
47.48	0.24	-0.0096
47.52	0.16	-0.0096
47.56	0.16	-0.0096
47.6	0.16	-0.0088
47.64	0.24	-0.0096
47.68	0.16	-0.0088
47.72	0.24	-0.0104
47.76	0.24	-0.0096
47.8	0.24	-0.0096
47.84	0.16	-0.0104
47.88	0.32	-0.008
47.92	0.24	-0.0096
47.96	0.32	-0.0104
48	0.24	-0.0096
48.04	0.32	-0.0096
48.08	0.32	-0.0104
48.12	0.48	-0.0088
48.16	0.32	-0.0088
48.2	0.32	-0.0096
48.24	0.32	-0.0088
48.28	0.4	-0.0096
48.32	0.4	-0.0088
48.36	0.48	-0.0088
48.4	0.48	-0.0096
48.44	0.4	-0.008
48.48	0.4	-0.0088
48.52	0.48	-0.0096
48.56	0.4	-0.008
48.6	0.4	-0.0096
48.64	0.64	-0.008
48.68	0.56	-0.0088
48.72	0.48	-0.008
48.76	0.56	-0.008
48.8	0.56	-0.008
48.84	0.64	-0.008
48.88	0.56	-0.0088
48.92	0.64	-0.008
48.96	0.64	-0.0072
49	0.64	-0.0072
49.04	0.64	-0.0072
49.08	0.64	-0.0072
49.12	0.72	-0.0072
49.16	0.72	-0.0072
49.2	0.64	-0.0064
49.24	0.72	-0.0056
49.28	0.8	-0.0064
49.32	0.72	-0.0064
49.36	0.8	-0.0072
49.4	0.72	-0.0064
49.44	0.72	-0.0056
49.48	0.64	-0.0056
49.52	0.8	-0.0064
49.56	0.72	-0.0064
49.6	0.72	-0.0048
49.64	0.72	-0.0056
49.68	0.72	-0.0048
49.72	0.72	-0.0056
49.76	0.88	-0.0032
49.8	0.72	-0.0048
49.84	0.72	-0.0048
49.88	0.72	-0.0048
49.92	0.8	-0.0056
49.96	0.8	-0.004
50	0.88	-0.004
50.04	0.72	-0.0032
50.08	0.88	-0.0032
50.12	0.88	-0.0032
50.16	0.88	-0.0024
50.2	0.8	-0.004
50.24	0.8	-0.0024
50.28	0.8	-0.0032
50.32	0.8	-0.0016
50.36	0.8	-0.0024
50.4	0.88	-0.0024
50.44	0.88	-0.0016
50.48	0.88	-0.0032
50.52	0.88	-0.0016
50.56	0.88	-0.0016
50.6	0.8	-8E-4
50.64	0.88	-0.0016
50.68	0.8	-8E-4
50.72	0.88	-8E-4
50.76	0.8	-8E-4
50.8	0.8	8E-4
50.84	0.8	-8E-4
50.88	0.88	0
50.92	0.88	8E-4
50.96	0.88	0
51	0.96	8E-4
51.04	0.96	0.0016
51.08	0.8	0.0016
51.12	0.8	8E-4
51.16	0.96	0.0016
51.2	0.8	8E-4
51.24	0.96	0.0024
51.28	0.88	0.0024
51.32	0.88	0.0016
51.36	0.8	0.0032
51.4	0.8	0.0016
51.44	0.88	0.0024
51.48	0.8	0.0024
51.52	0.8	0.0024
51.56	0.88	0.0032
51.6	0.72	0.004
51.64	0.96	0.004
51.68	0.8	0.0032
51.72	0.8	0.0032
51.76	0.8	0.004
51.8	0.8	0.004
51.84	0.88	0.0048
51.88	0.72	0.0048
51.92	0.72	0.004
51.96	0.72	0.004
52	0.72	0.0048
52.04	0.72	0.0048
52.08	0.72	0.004
52.12	0.64	0.0056
52.16	0.64	0.0048
52.2	0.64	0.0056
52.24	0.64	0.0048
52.28	0.64	0.0056
52.32	0.72	0.0056
52.36	0.72	0.0048
52.4	0.64	0.0064
52.44	0.64	0.0064
52.48	0.64	0.0064
52.52	0.64	0.0072
52.56	0.64	0.0056
52.6	0.64	0.0072
52.64	0.64	0.0064
52.68	0.56	0.008
52.72	0.56	0.0064
52.76	0.56	0.0056
52.8	0.56	0.0072
52.84	0.56	0.0064
52.88	0.56	0.008
52.92	0.48	0.0072
52.96	0.56	0.0072
53	0.56	0.0072
53.04	0.56	0.0072
53.08	0.4	0.0072
53.12	0.48	0.008
53.16	0.4	0.0088
53.2	0.48	0.0072
53.24	0.48	0.008
53.28	0.4	0.0072
53.32	0.48	0.0072
53.36	0.48	0.008
53.4	0.4	0.0072
53.44	0.32	0.008
53.48	0.32	0.0072
53.52	0.48	0.008
53.56	0.24	0.0072
53.6	0.24	0.0088
53.64	0.32	0.0072
53.68	0.24	0.008
53.72	0.24	0.0096
53.76	0.24	0.008
53.8	0.16	0.0088
53.84	0.16	0.0088
53.88	0.24	0.008
53.92	0.16	0.0088
53.96	0.24	0.0104
54	0.08	0.0088
54.04	0.16	0.0088
54.08	0.16	0.0088
54.12	0.08	0.0088
54.16	0	0.008
54.2	0.08	0.0096
54.24	0.08	0.008
54.28	0.08	0.0096
54.32	0	0.0088
54.36	0.08	0.0088
54.4	0.08	0.008
54.44	0	0.0072
54.48	-0.08	0.0088
54.52	-0.08	0.008
54.56	0	0.0088
54.6	-0.08	0.0088
54.64	-0.16	0.008
54.68	-0.08	0.0096
54.72	-0.08	0.008
54.76	-0.08	0.0096
54.8	-0.08	0.008
54.84	-0.16	0.008
54.88	-0.08	0.008
54.92	-0.32	0.0072
54.96	-0.08	0.008
55	-0.16	0.008
55.04	-0.24	0.0088
55.08	-0.16	0.0072
55.12	-0.24	0.0072
55.16	-0.24	0.0072
55.2	-0.24	0.008
55.24	-0.16	0.008
55.28	-0.24	0.0072
55.32	-0.32	0.008
55.36	-0.24	0.0064
55.4	-0.32	0.0072
55.44	-0.32	0.0064
55.48	-0.4	0.0072
55.52	-0.4	0.008
55.56	-0.4	0.0072
55.6	-0.24	0.008
55.64	-0.4	0.0064
55.68	-0.32	0.0056
55.72	-0.4	0.0056
55.76	-0.4	0.0056
55.8	-0.48	0.0072
55.84	-0.4	0.0072
55.88	-0.56	0.0056
55.92	-0.4	0.0056
55.96	-0.48	0.0056
56	-0.48	0.0048
56.04	-0.48	0.0048
56.08	-0.56	0.0056
56.12	-0.64	0.0064
56.16	-0.56	0.0056
56.2	-0.56	0.0048
56.24	-0.48	0.0048
56.28	-0.48	0.0048
56.32	-0.56	0.004
56.36	-0.56	0.0048
56.4	-0.64	0.004
56.44	-0.56	0.0048
56.48	-0.64	0.0048
56.52	-0.56	0.0032
56.56	-0.64	0.0048
56.6	-0.64	0.0032
56.64	-0.48	0.0048
56.68	-0.72	0.0032
56.72	-0.72	0.0024
56.76	-0.64	0.0032
56.8	-0.8	0.0024
56.84	-0.64	0.004
56.88	-0.64	0.0032
56.92	-0.64	0.0016
56.96	-0.64	0.0024
57	-0.64	0.0016
57.04	-0.64	8E-4
57.08	-0.72	0.0024
57.12	-0.72	0.0024
57.16	-0.64	0.0016
57.2	-0.72	0.0016
57.24	-0.72	0
57.28	-0.72	0.0016
57.32	-0.72	0
57.36	-0.8	8E-4
57.4	-0.72	8E-4
57.44	-0.72	0
57.48	-0.64	0
57.52	-0.88	-8E-4
57.56	-0.72	-8E-4
57.6	-0.72	-8E-4
57.64	-0.72	-0.0016
57.68	-0.72	0
57.72	-0.72	-0.0016
57.76	-0.72	-0.0016
57.8	-0.64	-8E-4
57.84	-0.72	-0.0024
57.88	-0.72	-0.0016
57.92	-0.72	-8E-4
57.96	-0.72	-0.0016
58	-0.64	-0.0032
58.04	-0.72	-0.0024
58.08	-0.72	-0.0024
58.12	-0.72	-0.0032
58.16	-0.72	-0.0024
58.2	-0.72	-0.0032
58.24	-0.64	-0.0024
58.28	-0.64	-0.0032
58.32	-0.56	-0.0032
58.36	-0.64	-0.004
58.4	-0.72	-0.004
58.44	-0.64	-0.0032
58.48	-0.64	-0.004
58.52	-0.72	-0.004
58.56	-0.64	-0.0048
58.6	-0.72	-0.0048
58.64	-0.56	-0.0048
58.68	-0.56	-0.0048
58.72	-0.64	-0.004
58.76	-0.64	-0.0056
58.8	-0.64	-0.0048
58.84	-0.56	-0.0056
58.88	-0.64	-0.0056
58.92	-0.56	-0.0064
58.96	-0.56	-0.0056
59	-0.48	-0.0064
59.04	-0.56	-0.0056
59.08	-0.56	-0.0072
59.12	-0.48	-0.0064
59.16	-0.48	-0.0064
59.2	-0.48	-0.0056
59.24	-0.48	-0.0072
59.28	-0.48	-0.0056
59.32	-0.48	-0.0064
59.36	-0.48	-0.0064
59.4	-0.56	-0.008
59.44	-0.48	-0.008
59.48	-0.56	-0.0064
59.52	-0.4	-0.0072
59.56	-0.4	-0.0072
59.6	-0.48	-0.0072
59.64	-0.32	-0.0088
59.68	-0.4	-0.0088
59.72	-0.4	-0.008
59.76	-0.4	-0.0072
59.8	-0.32	-0.008
59.84	-0.4	-0.008
59.88	-0.4	-0.0088
59.92	-0.4	-0.0088
59.96	-0.32	-0.0096
60	-0.24	-0.0096
60.04	-0.32	-0.008
60.08	-0.4	-0.0096
60.12	-0.32	-0.008
60.16	-0.24	-0.0096
60.2	-0.16	-0.0088
60.24	-0.24	-0.0096
60.28	-0.24	-0.0088
60.32	-0.16	-0.0088
60.36	-0.24	-0.0088
60.4	-0.16	-0.0088
60.44	-0.24	-0.0088
60.48	-0.08	-0.0096
60.52	-0.08	-0.0088
60.56	-0.08	-0.0096
60.6	-0.08	-0.0088
60.64	-0.16	-0.0096
60.68	-0.08	-0.0104
60.72	-0.16	-0.0096
60.76	0	-0.0104
60.8	-0.08	-0.0096
60.84	0	-0.0096
60.88	-0.08	-0.0096
60.92	0.08	-0.0096
60.96	0.08	-0.0104
61	0.08	-0.0096
61.04	0.08	-0.0088
61.08	0.08	-0.0096
61.12	0.16	-0.0096
61.16	0.08	-0.0096
61.2	0.08	-0.0096
61.24	0.16	-0.0104
61.28	0.08	-0.0096
61.32	0.16	-0.0088
61.36	0.08	-0.008
61.4	0.16	-0.0096
61.44	0.24	-0.0096
61.48	0.16	-0.0096
61.52	0.16	-0.0096
61.56	0.4	-0.0096
61.6	0.32	-0.0104
61.64	0.24	-0.0096
61.68	0.24	-0.0088
61.72	0.32	-0.0096
61.76	0.24	-0.0088
61.8	0.32	-0.0104
61.84	0.32	-0.008
61.88	0.4	-0.008
61.92	0.32	-0.008
61.96	0.32	-0.0096
62	0.4	-0.0088
62.04	0.4	-0.0072
62.08	0.4	-0.0088
62.12	0.4	-0.008
62.16	0.4	-0.0088
62.2	0.48	-0.0072
62.24	0.48	-0.0088
62.28	0.48	-0.008
62.32	0.48	-0.008
62.36	0.56	-0.0088
62.4	0.4	-0.0072
62.44	0.56	-0.0088
62.48	0.48	-0.008
62.52	0.4	-0.008
62.56	0.56	-0.008
62.6	0.56	-0.0072
62.64	0.56	-0.0072
62.68	0.56	-0.0056
62.72	0.48	-0.0064
62.76	0.56	-0.0072
62.8	0.56	-0.0072
62.84	0.64	-0.008
62.88	0.64	-0.0072
62.92	0.64	-0.0064
62.96	0.64	-0.0056
63	0.72	-0.0064
63.04	0.72	-0.0064
63.08	0.64	-0.0064
63.12	0.8	-0.0064
63.16	0.72	-0.0056
63.2	0.8	-0.0064
63.24	0.64	-0.004
63.28	0.64	-0.0048
63.32	0.72	-0.004
63.36	0.64	-0.0056
63.4	0.72	-0.0056
63.44	0.64	-0.0048
63.48	0.8	-0.004
63.52	0.72	-0.0032
63.56	0.8	-0.004
63.6	0.8	-0.0048
63.64	0.72	-0.004
63.68	0.72	-0.004
63.72	0.8	-0.0032
63.76	0.8	-0.0032
63.8	0.8	-0.004
63.84	0.72	-0.0032
63.88	0.8	-0.0032
63.92	0.8	-0.0024
63.96	0.88	-0.0024
64	0.72	-0.0024
64.04	0.64	-0.0024
64.08	0.72	-0.0016
64.12	0.72	-0.0016
64.16	0.8	-0.0016
64.2	0.88	-0.0016
64.24	0.8	-0.0016
64.28	0.8	-8E-4
64.32	0.72	-0.0024
64.36	0.8	-0.0016
64.4	0.88	-0.0016
64.44	0.88	-8E-4
64.48	0.8	0
64.52	0.88	-8E-4
64.56	0.8	0
64.6	0.88	-8E-4
64.64	0.8	-0.0016
64.68	0.8	0
64.72	0.8	0
64.76	0.88	8E-4
64.8	0.8	8E-4
64.84	0.8	8E-4
64.88	0.88	8E-4
64.92	0.8	8E-4
64.96	0.72	8E-4
65	0.88	0.0016
65.04	0.8	0.0016
65.08	0.8	0.0016
65.12	0.72	0.0024
65.16	0.8	0.0032
65.2	0.72	0.0024
65.24	0.88	0.0024
65.28	0.8	0.0032
65.32	0.72	0.0032
65.36	0.8	0.0016
65.4	0.8	0.004
65.44	0.8	0.004
65.48	0.72	0.0016
65.52	0.8	0.0032
65.56	0.72	0.004
65.6	0.8	0.004
65.64	0.72	0.004
65.68	0.64	0.0032
65.72	0.64	0.0048
65.76	0.64	0.0032
65.8	0.72	0.0048
65.84	0.8	0.0056
65.88	0.72	0.0064
65.92	0.56	0.0048
65.96	0.72	0.0048
66	0.56	0.0048
66.04	0.64	0.0048
66.08	0.64	0.0056
66.12	0.64	0.0056
66.16	0.48	0.0064
66.2	0.64	0.0048
66.24	0.72	0.0056
66.28	0.56	0.0056
66.32	0.56	0.0056
66.36	0.64	0.0072
66.4	0.64	0.0064
66.44	0.48	0.0064
66.48	0.56	0.0056
66.52	0.48	0.0064
66.56	0.48	0.0056
66.6	0.48	0.0064
66.64	0.4	0.0072
66.68	0.48	0.0064
66.72	0.48	0.0064
66.76	0.48	0.0072
66.8	0.4	0.0072
66.84	0.48	0.0072
66.88	0.48	0.008
66.92	0.4	0.0072
66.96	0.4	0.0072
67	0.48	0.0064
67.04	0.4	0.008
67.08	0.32	0.008
67.12	0.32	0.0088
67.16	0.32	0.008
67.2	0.24	0.0088
67.24	0.32	0.0072
67.28	0.4	0.008
67.32	0.24	0.0072
67.36	0.24	0.0072
67.4	0.24	0.0088
67.44	0.32	0.0088
67.48	0.32	0.0088
67.52	0.24	0.008
67.56	0.24	0.008
67.6	0.24	0.0088
67.64	0.16	0.0072
67.68	0.24	0.0088
67.72	0.16	0.0088
67.76	0.08	0.008
67.8	0.08	0.008
67.84	0.08	0.0088
67.88	0.08	0.0088
67.92	0.08	0.0072
67.96	0.08	0.008
68	0.08	0.008
68.04	0.08	0.0088
68.08	0	0.008
68.12	0	0.0088
68.16	0	0.0088
68.2	0	0.0072
68.24	-0.08	0.0096
68.28	-0.16	0.008
68.32	0	0.008
68.36	-0.08	0.0072
68.4	-0.16	0.0072
68.44	-0.08	0.008
68.48	-0.08	0.0072
68.52	-0.16	0.0096
68.56	-0.24	0.008
68.6	-0.16	0.0072
68.64	-0.08	0.008
68.68	-0.16	0.0072
68.72	-0.16	0.0088
68.76	-0.16	0.0072
68.8	-0.24	0.0072
68.84	-0.24	0.0072
68.88	-0.16	0.0072
68.92	-0.24	0.0072
68.96	-0.16	0.0072
69	-0.24	0.008
69.04	-0.4	0.008
69.08	-0.32	0.0072
69.12	-0.32	0.0064
69.16	-0.4	0.0064
69.2	-0.32	0.0064
69.24	-0.32	0.0064
69.28	-0.32	0.0064
69.32	-0.4	0.0056
69.36	-0.32	0.0056
69.4	-0.4	0.0064
69.44	-0.4	0.0056
69.48	-0.4	0.0064
69.52	-0.4	0.0056
69.56	-0.48	0.0064
69.6	-0.48	0.0056
69.64	-0.48	0.0048
69.68	-0.56	0.0048
69.72	-0.56	0.0056
69.76	-0.4	0.0064
69.8	-0.32	0.0056
69.84	-0.56	0.0064
69.88	-0.4	0.004
69.92	-0.4	0.004
69.96	-0.48	0.0048
70	-0.56	0.004
70.04	-0.56	0.0048
70.08	-0.56	0.004
70.12	-0.64	0.0048
70.16	-0.56	0.0032
70.2	-0.48	0.0048
70.24	-0.56	0.004
70.28	-0.56	0.0032
70.32	-0.64	0.004
70.36	-0.56	0.004
70.4	-0.72	0.0032
70.44	-0.64	0.0032
70.48	-0.64	0.0024
70.52	-0.56	0.0024
70.56	-0.64	0.0024
70.6	-0.64	0.004
70.64	-0.56	0.0024
70.68	-0.64	0.0016
70.72	-0.64	0.0024
70.76	-0.64	8E-4
70.8	-0.64	0.0016
70.84	-0.64	0.0016
70.88	-0.64	0.0024
70.92	-0.72	8E-4
70.96	-0.64	8E-4
71	-0.64	8E-4
71.04	-0.64	0
71.08	-0.64	0.0016
71.12	-0.56	0
71.16	-0.72	8E-4
71.2	-0.72	0
71.24	-0.64	0
71.28	-0.8	0
71.32	-0.72	-8E-4
71.36	-0.72	0
71.4	-0.64	0
71.44	-0.64	0
71.48	-0.64	-0.0016
71.52	-0.64	-0.0016
71.56	-0.64	-0.0016
71.6	-0.64	-0.0024
71.64	-0.64	0
71.68	-0.72	-0.0016
71.72	-0.8	-0.0024
71.76	-0.72	-0.0024
71.8	-0.72	-0.0024
71.84	-0.64	-0.0024
71.88	-0.64	-0.0032
71.92	-0.64	-0.0024
71.96	-0.72	-0.0032
72	-0.72	-0.0032
72.04	-0.64	-0.004
72.08	-0.64	-0.004
72.12	-0.56	-0.0032
72.16	-0.56	-0.004
72.2	-0.56	-0.004
72.24	-0.64	-0.004
72.28	-0.56	-0.0048
72.32	-0.64	-0.0048
72.36	-0.64	-0.0056
72.4	-0.56	-0.0048
72.44	-0.56	-0.0048
72.48	-0.48	-0.004
72.52	-0.64	-0.0048
72.56	-0.56	-0.0056
72.6	-0.56	-0.0048
72.64	-0.56	-0.0048
72.68	-0.64	-0.0056
72.72	-0.56	-0.0048
72.76	-0.56	-0.0064
72.8	-0.56	-0.0064
72.84	-0.56	-0.0064
72.88	-0.56	-0.0064
72.92	-0.48	-0.0056
72.96	-0.56	-0.0064
73	-0.48	-0.0064
73.04	-0.48	-0.0064
73.08	-0.56	-0.0064
73.12	-0.48	-0.0072
73.16	-0.48	-0.0072
73.2	-0.4	-0.0072
73.24	-0.32	-0.0064
73.28	-0.4	-0.008
73.32	-0.4	-0.008
73.36	-0.4	-0.008
73.4	-0.4	-0.008
73.44	-0.32	-0.0072
73.48	-0.32	-0.008
73.52	-0.32	-0.0072
73.56	-0.32	-0.0072
73.6	-0.32	-0.0096
73.64	-0.4	-0.008
73.68	-0.32	-0.0088
73.72	-0.24	-0.008
73.76	-0.24	-0.0064
73.8	-0.32	-0.008
73.84	-0.16	-0.0088
73.88	-0.24	-0.0088
73.92	-0.32	-0.0072
73.96	-0.24	-0.0088
74	-0.32	-0.008
74.04	-0.24	-0.0096
74.08	-0.08	-0.008
74.12	-0.16	-0.0096
74.16	-0.08	-0.0088
74.2	-0.08	-0.0096
74.24	-0.08	-0.0088
74.28	-0.16	-0.0088
74.32	0	-0.0088
74.36	-0.16	-0.0096
74.4	-0.08	-0.0088
74.44	-0.08	-0.0088
74.48	-0.08	-0.0096
74.52	0	-0.0088
74.56	0.08	-0.0088
74.6	-0.08	-0.0104
74.64	0.08	-0.0096
74.68	0	-0.0088
74.72	0	-0.0096
74.76	0.08	-0.0088
74.8	0.08	-0.0088
74.84	0.08	-0.0088
74.88	0.08	-0.0096
74.92	0.08	-0.0096
74.96	0.16	-0.0088
75	0.16	-0.0096
75.04	0.24	-0.0088
75.08	0.16	-0.0096
75.12	0.24	-0.008
75.16	0.16	-0.0088
